KIDS_150.1_2.2    OMEGA.2014-12-24T07:27:55.300.mef  12 131  2.24  0.50  0.08  -0.02  2.41
KIDS_150.1_2.2    OMEGA.2014-12-24T07:34:39.551.mef  13  39  3.10  0.77  -0.08  -0.07  1.77
KIDS_150.1_2.2    OMEGA.2014-12-24T07:41:23.642.mef  12 120  2.48  0.53   0.08  -0.01  2.66
KIDS_150.1_2.2    OMEGA.2014-12-24T07:48:09.163.mef  12  85  2.65  0.56   0.06   -0.03  2.68
KIDS_150.1_2.2    OMEGA.2014-12-24T07:54:53.604.mef  12 125  2.67  0.57   0.03   -0.05  2.31

KIDS_150.1_2.2    OMEGA.2014-12-24T07:27:55.300.mef  12 131  2.24   0.50     0.08     -0.02   2.41
KIDS_150.1_2.2    OMEGA.2014-12-24T07:27:55.300.mef  14 136  2.29   0.50     0.05      0.02   3.17
KIDS_150.1_2.2    OMEGA.2014-12-24T07:34:39.551.mef  21  47  3.17   0.75     0.37      0.25   2.52
KIDS_150.1_2.2    OMEGA.2014-12-24T07:34:39.551.mef  20 123  2.33   0.50     0.01      0.02   2.63
KIDS_150.1_2.2    OMEGA.2014-12-24T07:41:23.642.mef  12 120  2.48   0.53     0.08     -0.01   2.66


