KIDS_184.0_-1.5   OMEGA.2012-03-18T06:06:52.713.mef   21   0.410000   0.030000   0.050000   2.410000
KIDS_184.0_-1.5   OMEGA.2012-03-18T06:13:37.538.mef   21   0.590000   -0.130000   -0.010000   2.850000
KIDS_184.0_-1.5   OMEGA.2012-03-18T06:20:21.391.mef   21   0.600000   -0.110000   -0.090000   3.210000
KIDS_184.0_-1.5   OMEGA.2012-03-18T06:27:05.515.mef   21   0.550000   -0.040000   -0.040000   2.600000
KIDS_184.0_-1.5   OMEGA.2012-03-18T06:33:49.209.mef   21   0.510000   -0.070000   -0.070000   3.130000

KIDS_135.0_-1.5   OMEGA.2012-03-13T01:18:21.192.mef   1   0.560000   0.020000   -0.060000   2.160000
KIDS_135.0_-1.5   OMEGA.2012-03-13T01:25:06.506.mef   1   0.620000   0.030000   -0.050000   2.260000
KIDS_135.0_-1.5   OMEGA.2012-03-13T01:32:13.690.mef   1   0.570000   0.030000   -0.050000   2.320000
KIDS_135.0_-1.5   OMEGA.2012-03-13T01:38:59.495.mef   1   0.680000   0.030000   -0.060000   2.010000
KIDS_135.0_-1.5   OMEGA.2012-03-13T01:46:06.669.mef   1   0.600000   0.020000   -0.010000   2.270000

KIDS_218.6_2.5   OMEGA.2013-04-06T07:28:29.525.mef   16   0.640000   0.080000   -0.050000   3.140000
KIDS_218.6_2.5   OMEGA.2013-04-06T07:35:13.066.mef   16   0.630000   0.050000   -0.030000   2.840000
KIDS_218.6_2.5   OMEGA.2013-04-06T07:41:56.686.mef   16   0.580000   0.050000   -0.050000   2.760000
KIDS_218.6_2.5   OMEGA.2013-04-06T07:48:40.097.mef   16   0.660000   0.070000   -0.040000   2.620000
KIDS_218.6_2.5   OMEGA.2013-04-06T07:55:23.858.mef   16   0.660000   0.050000   -0.050000   2.870000

KIDS_44.4_-34.1   OMEGA.2012-11-19T04:13:48.525.mef   5   0.730000   0.020000   -0.050000   2.110000
KIDS_44.4_-34.1   OMEGA.2012-11-19T04:20:34.016.mef   5   0.690000   -0.000000   0.020000   2.090000
KIDS_44.4_-34.1   OMEGA.2012-11-19T04:27:17.717.mef   5   0.750000   0.020000   0.010000   2.010000
KIDS_44.4_-34.1   OMEGA.2012-11-19T04:34:01.529.mef   5   0.890000   -0.000000   0.020000   2.040000
KIDS_44.4_-34.1   OMEGA.2012-11-19T04:40:45.290.mef   5   0.950000   -0.010000   0.020000   2.120000

KIDS_131.0_0.5   OMEGA.2012-04-22T23:58:39.819.mef   31   1.000000   -0.020000   0.070000   2.600000
KIDS_131.0_0.5   OMEGA.2012-04-23T00:05:24.953.mef   31   0.980000   -0.010000   0.020000   2.610000
KIDS_131.0_0.5   OMEGA.2012-04-23T00:12:08.607.mef   31   0.870000   -0.020000   -0.010000   2.610000
KIDS_131.0_0.5   OMEGA.2012-04-23T00:18:52.102.mef   31   0.790000   -0.030000   0.000000   2.360000
KIDS_131.0_0.5   OMEGA.2012-04-23T00:26:09.246.mef   31   0.650000   -0.000000   -0.020000   2.240000

KIDS_350.6_-32.1   OMEGA.2011-11-27T01:30:57.101.mef   29   0.500000   0.010000   -0.010000   2.270000
KIDS_350.6_-32.1   OMEGA.2011-11-27T01:37:41.745.mef   29   0.570000   -0.050000   0.030000   2.160000
KIDS_350.6_-32.1   OMEGA.2011-11-27T01:44:25.359.mef   29   0.560000   -0.050000   -0.020000   2.590000
KIDS_350.6_-32.1   OMEGA.2011-11-27T01:51:08.973.mef   29   0.520000   -0.050000   0.010000   2.380000
KIDS_350.6_-32.1   OMEGA.2011-11-27T01:57:52.897.mef   29   0.550000   0.020000   0.000000   2.310000

KIDS_343.4_-33.1   OMEGA.2011-11-16T00:31:18.963.mef   15   0.540000   0.050000   -0.070000   2.580000
KIDS_343.4_-33.1   OMEGA.2011-11-16T00:38:04.208.mef   15   0.510000   0.020000   -0.060000   2.570000
KIDS_343.4_-33.1   OMEGA.2011-11-16T00:44:47.812.mef   15   0.530000   0.000000   0.020000   2.520000
KIDS_343.4_-33.1   OMEGA.2011-11-16T00:51:32.576.mef   15   0.580000   0.010000   -0.000000   2.460000
KIDS_343.4_-33.1   OMEGA.2011-11-16T00:58:18.610.mef   15   0.730000   0.010000   0.020000   2.210000

KIDS_184.0_1.5   OMEGA.2012-04-22T02:08:41.244.mef   27   0.580000   -0.010000   -0.030000   2.370000
KIDS_184.0_1.5   OMEGA.2012-04-22T02:15:25.858.mef   27   0.590000   -0.030000   -0.040000   2.480000
KIDS_184.0_1.5   OMEGA.2012-04-22T02:22:44.672.mef   27   0.610000   -0.010000   -0.040000   2.420000
KIDS_184.0_1.5   OMEGA.2012-04-22T02:30:48.147.mef   27   0.540000   -0.010000   -0.040000   2.630000
KIDS_184.0_1.5   OMEGA.2012-04-22T02:37:32.801.mef   27   0.570000   0.010000   -0.020000   2.540000

KIDS_218.6_2.5   OMEGA.2013-04-06T07:28:29.525.mef   27   0.610000   -0.000000   -0.010000   2.610000
KIDS_218.6_2.5   OMEGA.2013-04-06T07:35:13.066.mef   27   0.640000   -0.000000   -0.000000   2.680000
KIDS_218.6_2.5   OMEGA.2013-04-06T07:41:56.686.mef   27   0.590000   0.020000   -0.030000   2.570000
KIDS_218.6_2.5   OMEGA.2013-04-06T07:48:40.097.mef   27   0.670000   0.000000   -0.020000   2.530000
KIDS_218.6_2.5   OMEGA.2013-04-06T07:55:23.858.mef   27   0.650000   -0.010000   -0.020000   2.620000

KIDS_212.0_1.5   OMEGA.2012-07-07T00:07:16.406.mef   5   0.660000   -0.040000   0.020000   2.460000
KIDS_212.0_1.5   OMEGA.2012-07-07T00:14:01.258.mef   5   0.640000   -0.010000   -0.020000   2.480000
KIDS_212.0_1.5   OMEGA.2012-07-07T00:20:46.338.mef   5   0.710000   -0.050000   -0.040000   2.520000
KIDS_212.0_1.5   OMEGA.2012-07-07T00:27:30.029.mef   5   0.690000   -0.030000   -0.060000   2.360000
KIDS_212.0_1.5   OMEGA.2012-07-07T00:34:13.730.mef   5   0.660000   -0.060000   -0.070000   2.860000

KIDS_349.5_-31.2   OMEGA.2012-08-22T07:12:52.195.mef   14   0.690000   -0.030000   0.000000   1.810000
KIDS_349.5_-31.2   OMEGA.2012-08-22T07:19:37.147.mef   14   0.580000   -0.050000   0.030000   1.950000
KIDS_349.5_-31.2   OMEGA.2012-08-22T07:26:22.107.mef   14   0.580000   -0.030000   0.010000   1.940000
KIDS_349.5_-31.2   OMEGA.2012-08-22T07:33:06.998.mef   14   0.620000   0.010000   0.010000   2.000000
KIDS_349.5_-31.2   OMEGA.2012-08-22T07:39:52.709.mef   14   0.700000   -0.030000   0.020000   2.090000

KIDS_40.8_-31.2   OMEGA.2012-12-11T05:00:57.333.mef   7   0.760000   -0.020000   -0.030000   1.900000
KIDS_40.8_-31.2   OMEGA.2012-12-11T05:07:44.014.mef   7   0.740000   -0.020000   -0.020000   1.850000
KIDS_40.8_-31.2   OMEGA.2012-12-11T05:14:27.725.mef   7   0.730000   -0.010000   0.020000   1.860000
KIDS_40.8_-31.2   OMEGA.2012-12-11T05:21:11.696.mef   7   0.830000   -0.040000   -0.000000   2.010000
KIDS_40.8_-31.2   OMEGA.2012-12-11T05:27:55.608.mef   7   0.840000   -0.050000   0.010000   2.130000

KIDS_139.0_0.5   OMEGA.2012-04-20T01:29:39.512.mef   17   0.820000   -0.020000   -0.000000   2.310000
KIDS_139.0_0.5   OMEGA.2012-04-20T01:36:24.306.mef   17   0.800000   -0.010000   -0.010000   2.380000
KIDS_139.0_0.5   OMEGA.2012-04-20T01:43:33.880.mef   17   0.740000   -0.010000   0.010000   2.310000
KIDS_139.0_0.5   OMEGA.2012-04-20T01:50:52.234.mef   17   0.790000   0.040000   -0.010000   2.380000
KIDS_139.0_0.5   OMEGA.2012-04-20T01:57:37.159.mef   17   0.790000   -0.020000   -0.020000   2.570000
