18.459
17.182
16.373
16.269
19.665
18.699
16.026
19.099
17.384
16.955
16.817
16.245
16.054
22.103
18.108
17.973
17.666
17.452
17.412
16.631
16.243
20.077
20.263
20.398
21.071
22.432
19.755
21.028
18.905
18.753
18.307
18.245
17.976
16.762
16.574
16.273
20.967
21.396
20.201
20.017
20.117
18.678
18.409
18.514
18.362
18.076
17.387
17.364
17.002
16.251
16.191
16.015
20.971
21.6
20.972
20.475
20.489
20.414
19.588
19.297
19.002
18.885
18.744
18.165
17.827
17.263
17.167
16.952
16.877
17.037
16.723
16.636
20.766
20.433
20.392
20.13
19.617
19.543
19.469
19.487
19.119
18.956
18.818
18.788
18.515
18.144
17.932
17.727
17.596
17.455
17.083
16.578
16.044
22.353
22.697
21.617
21.642
20.935
20.869
20.492
20.366
20.179
19.962
19.588
19.463
19.535
19.511
19.452
19.174
18.986
18.756
18.831
18.51
18.594
18.453
18.435
18.201
17.993
18.145
17.984
17.907
17.747
17.262
17.283
16.97
16.882
16.761
16.617
16.508
16.379
21.53
21.629
21.898
22.316
22.588
22.806
23.245
23.79
23.953
20.956
21.272
22.214
16.691
23.602
21.073
20.997
20.864
19.991
19.851
19.733
19.609
19.538
19.21
19.235
19.087
18.885
18.627
18.476
18.293
18.247
18.138
17.87
17.685
17.845
17.651
17.093
16.884
16.772
16.794
16.599
16.592
16.522
16.389
22.227
22.901
21.165
21.267
21.543
21.783
17.414
17.114
23.102
21.447
21.321
21.296
20.949
21.039
20.979
21.039
20.887
20.868
20.834
20.775
20.797
20.619
20.466
20.528
20.423
20.244
20.103
19.993
20.031
19.794
19.809
19.766
19.674
19.593
19.329
19.109
19.086
18.911
18.888
18.913
18.956
18.838
18.479
18.426
18.141
18.128
18.153
17.97
17.924
17.957
17.852
17.846
17.667
17.623
17.585
17.285
16.973
16.508
22.135
22.171
22.401
22.356
23.091
23.087
23.997
23.128
22.205
21.928
21.784
21.688
21.624
21.556
21.447
21.46
21.251
21.149
21.082
21.032
21.003
20.896
20.74
20.631
20.437
20.49
20.111
19.951
19.964
19.951
19.902
20.048
19.855
19.918
19.771
19.673
19.66
19.58
19.453
19.058
18.803
18.861
18.728
18.724
18.515
18.295
18.443
18.048
17.92
17.961
17.924
17.758
17.795
17.732
17.371
17.309
17.272
17.157
16.851
16.673
16.438
22.401
22.474
22.619
22.796
23.094
23.074
23.485
21.369
21.693
21.615
21.995
22.012
22.536
16.677
16.122
24.554
24.055
22.07
21.875
21.853
21.706
21.435
21.06
20.99
21.023
21.033
20.866
20.574
20.553
20.577
20.492
20.358
20.262
20.237
20.063
20.088
20.075
20.146
19.918
19.881
19.945
19.752
19.894
19.648
19.844
19.758
19.749
19.572
19.339
19.201
19.081
19.07
18.888
19.014
18.771
18.851
18.743
18.538
18.727
18.544
18.535
18.515
18.361
18.455
18.295
18.256
18.134
18.121
18.023
18.023
18.029
18.003
17.884
17.932
17.86
17.765
17.907
17.477
17.436
17.469
17.344
17.279
17.217
16.816
16.137
16.164
22.352
22.607
23.037
23.32
23.687
23.826
23.88
23.983
24.708
19.932
20.712
22.162
22.415
22.657
23.023
16.283
21.971
22.042
21.959
22.0
21.918
21.708
21.826
21.6
21.591
21.57
21.591
21.457
21.516
21.34
21.439
21.289
21.188
21.18
20.818
20.883
20.901
20.691
20.538
20.447
20.311
20.302
20.097
20.117
20.107
20.105
19.846
19.908
19.889
19.703
19.589
19.643
19.705
19.455
19.299
19.27
19.2
19.105
19.262
19.007
18.758
18.659
18.552
18.504
18.429
18.343
18.34
18.293
18.11
18.204
18.142
18.021
17.981
17.797
17.717
17.735
17.744
17.429
17.495
17.245
17.133
17.194
17.191
17.063
16.866
16.533
16.447
22.509
22.652
22.766
23.024
23.064
23.116
23.172
23.238
23.404
23.376
23.594
23.618
23.957
24.042
24.139
24.203
24.421
24.55
24.581
24.846
21.084
21.459
22.021
23.918
18.393
16.888
22.287
22.189
22.231
22.165
21.984
21.823
21.797
21.645
21.593
21.578
21.509
21.47
21.49
21.443
21.324
21.281
21.244
21.179
20.971
21.07
21.171
21.097
21.036
20.877
20.834
20.454
20.444
20.497
20.417
20.083
20.165
20.227
20.005
20.071
19.988
19.937
19.937
19.929
19.949
19.834
19.796
19.892
19.705
19.643
19.485
19.45
19.293
19.327
19.382
19.303
19.221
19.086
19.216
19.14
18.878
18.917
18.78
18.797
18.548
18.51
18.507
18.436
18.374
18.243
18.224
18.009
17.958
17.778
17.746
17.598
17.327
17.044
16.63
16.035
22.698
22.737
22.897
22.754
22.994
23.332
23.624
23.599
23.645
23.674
24.152
20.856
21.224
22.898
23.02
23.141
23.436
24.078
20.32
17.691
22.453
22.391
22.277
22.385
22.219
22.205
22.219
22.111
22.073
21.939
21.974
21.788
21.77
21.735
21.497
21.606
21.509
21.434
21.456
21.384
21.203
21.058
21.157
20.893
20.879
20.987
20.799
20.841
20.771
20.774
20.694
20.688
20.629
20.497
20.477
20.273
20.206
20.256
20.291
20.065
19.966
20.002
19.83
19.781
19.909
19.53
19.239
19.265
19.119
18.993
19.116
18.949
19.014
18.715
18.726
18.612
18.531
18.418
18.451
18.406
18.363
18.124
17.875
17.972
17.662
17.469
17.162
17.119
16.783
16.555
16.62
16.418
16.256
22.812
22.922
22.936
22.914
23.188
23.293
23.793
23.866
23.834
23.963
24.148
24.4
21.096
22.278
22.657
22.864
23.287
23.245
18.1
17.866
17.757
24.721
22.658
22.575
22.338
22.397
22.381
22.328
22.082
22.089
22.031
21.995
22.019
21.903
21.897
21.833
21.787
21.714
21.756
21.7
21.62
21.714
21.659
21.641
21.619
21.502
21.368
21.312
21.111
21.127
21.147
20.796
20.827
20.809
20.678
20.535
20.657
20.572
20.53
20.252
20.441
20.132
20.064
19.917
19.978
19.93
19.663
19.552
19.704
19.497
19.543
19.241
18.979
19.015
18.75
18.706
18.734
18.731
18.259
18.364
18.169
17.628
17.46
17.44
17.313
17.333
17.176
17.14
16.93
16.903
16.734
16.548
16.621
16.09
16.034
22.836
22.884
23.312
23.422
23.315
23.621
24.128
24.419
24.567
24.913
22.482
22.501
22.391
22.652
23.12
23.104
23.056
23.314
23.665
23.631
23.634
20.828
17.233
24.464
22.676
22.543
22.67
22.382
22.327
22.375
22.296
22.27
22.316
22.136
22.201
22.155
22.059
22.207
21.933
22.037
22.004
21.789
21.761
21.615
21.657
21.479
21.404
21.429
21.408
21.266
21.22
21.169
21.272
21.328
21.012
21.049
21.08
21.102
21.065
20.949
20.913
20.834
20.928
20.881
20.811
20.692
20.7
20.596
20.753
20.7
20.676
20.461
20.504
20.336
20.379
20.249
20.284
20.278
20.161
20.215
20.113
20.063
20.005
19.908
20.04
19.856
19.914
19.848
19.817
19.508
19.533
19.669
19.641
19.452
19.257
19.324
19.233
19.178
19.158
19.265
19.088
19.036
18.946
18.87
18.833
18.896
18.804
18.817
18.81
18.7
18.763
18.728
18.742
18.71
18.591
18.444
18.438
18.239
18.47
18.199
18.212
18.122
18.176
18.056
17.89
17.725
17.76
17.647
17.607
17.106
17.046
16.914
16.928
16.893
16.993
16.765
16.594
16.093
22.967
23.35
23.397
23.739
23.768
23.838
23.964
23.928
23.941
24.144
24.053
24.045
24.006
24.022
24.124
24.3
24.41
24.375
24.446
24.693
24.699
24.662
22.454
22.856
23.297
23.777
23.843
24.216
18.072
17.954
16.775
24.449
22.657
22.507
22.629
22.716
22.708
22.594
22.519
22.535
22.337
22.394
22.442
22.389
22.215
22.09
22.156
22.04
21.918
21.97
21.667
21.661
21.808
21.577
21.657
21.513
21.547
21.56
21.352
21.282
21.388
21.296
21.115
21.054
20.972
20.944
20.799
20.755
20.947
20.723
20.719
20.623
20.523
20.499
20.555
20.503
20.414
20.423
20.245
20.28
20.361
20.245
20.138
20.224
20.149
20.073
20.002
19.962
19.721
19.552
19.539
19.488
19.425
19.356
19.258
19.298
19.276
19.208
19.248
18.949
19.104
18.959
18.783
18.762
18.734
18.6
18.21
18.267
18.206
18.044
17.955
18.039
18.036
17.744
17.785
17.645
17.482
17.403
17.441
17.337
17.23
16.909
16.908
16.773
16.738
16.402
16.418
16.418
16.096
16.039
23.322
23.295
23.371
23.665
23.937
24.226
24.186
24.274
24.459
24.607
24.587
24.68
24.659
24.909
19.523
21.647
22.048
23.267
23.348
23.644
20.702
19.052
18.949
17.557
16.981
23.384
24.524
24.625
22.907
22.912
22.863
22.812
22.708
22.682
22.574
22.639
22.532
22.536
21.994
22.02
21.954
21.951
21.964
21.763
21.629
21.756
21.582
21.429
21.297
21.316
21.269
21.131
21.28
21.153
21.099
21.029
20.881
20.951
21.043
20.911
20.951
20.82
20.908
20.71
20.671
20.689
20.593
20.541
20.406
20.259
20.325
20.275
20.298
20.31
20.215
20.226
20.26
20.096
20.075
19.922
19.975
19.905
19.878
19.905
19.786
19.832
19.61
19.56
19.429
19.491
19.532
19.477
19.382
19.111
19.173
18.992
19.144
19.062
19.059
19.03
18.95
18.871
18.957
18.714
18.619
18.611
18.473
18.592
18.442
18.234
17.935
17.853
17.662
17.644
17.307
17.329
17.208
16.933
16.983
16.929
16.754
16.502
16.219
16.125
16.114
16.012
23.209
23.244
23.228
23.502
23.499
23.575
23.691
23.739
23.873
23.935
23.851
23.926
23.988
24.044
24.322
24.368
24.358
24.541
24.634
24.659
24.941
22.154
22.271
22.505
23.034
23.407
23.493
23.482
23.618
23.606
20.75
20.249
19.436
18.461
17.849
17.185
16.394
22.771
22.865
22.705
22.655
22.598
22.431
22.414
22.399
22.341
22.088
22.215
22.007
22.083
22.02
21.912
21.937
21.89
21.923
21.778
21.829
21.845
21.746
21.674
21.705
21.462
21.445
21.345
21.429
21.28
21.208
21.214
21.245
21.304
21.336
21.279
21.133
21.256
21.037
21.037
21.044
21.044
21.053
20.869
20.927
20.669
20.697
20.74
20.703
20.615
20.473
20.535
20.475
20.533
20.354
20.348
20.312
20.406
20.359
20.285
20.247
20.067
20.259
20.111
20.024
20.093
19.959
19.901
19.876
19.826
19.582
19.702
19.669
19.466
19.632
19.539
19.631
19.486
19.438
19.433
19.416
19.195
19.097
19.089
19.014
18.629
18.136
17.967
17.893
17.767
17.606
17.412
17.128
16.975
16.765
16.808
16.488
16.394
16.006
23.472
23.374
23.546
23.696
23.752
23.646
23.864
23.75
23.89
23.797
23.921
24.045
24.318
24.398
24.513
24.442
24.636
24.954
21.296
22.793
23.228
23.489
23.898
24.431
24.751
20.038
19.361
18.305
16.992
16.482
16.004
24.18
23.159
23.002
22.999
22.844
22.994
22.889
22.934
22.93
22.855
22.859
22.668
22.678
22.577
22.631
22.606
22.605
22.454
22.4
22.415
22.393
22.311
22.236
22.164
22.16
22.096
21.993
22.056
22.044
21.837
21.773
21.885
21.775
21.804
21.827
21.648
21.656
21.564
21.432
21.506
21.51
21.353
21.324
21.249
21.384
21.427
21.222
21.198
21.166
21.107
21.111
20.926
20.915
20.774
20.722
20.711
20.672
20.553
20.615
20.656
20.473
20.411
20.352
20.348
20.286
20.14
20.144
20.274
20.33
20.099
20.041
20.093
20.232
20.084
20.102
19.987
19.914
19.838
19.745
19.737
19.527
19.356
19.41
19.214
19.299
19.338
19.112
19.094
19.077
18.95
18.903
18.822
18.796
18.91
18.729
18.794
18.786
18.558
18.407
18.321
18.292
18.105
17.944
17.935
17.733
17.507
17.589
17.386
17.353
17.063
16.665
16.243
16.026
23.495
23.62
23.513
23.724
23.773
23.991
24.075
24.189
24.182
24.385
24.519
24.559
24.496
24.611
24.635
24.935
20.748
22.1
22.318
22.581
23.029
23.832
24.158
24.228
24.942
24.832
20.792
19.713
19.318
18.773
23.061
23.283
23.262
23.23
23.165
23.043
23.144
23.107
23.051
22.91
22.912
22.748
22.713
22.663
22.607
22.574
22.383
22.437
22.453
22.357
22.258
22.325
22.204
22.297
22.213
22.109
22.035
22.045
21.865
21.79
21.903
21.768
21.602
21.792
21.635
21.754
21.628
21.499
21.523
21.536
21.297
21.376
21.345
21.302
21.248
21.154
21.35
21.209
21.235
21.157
21.205
21.249
21.191
21.223
21.134
21.135
21.082
21.003
20.885
20.941
20.793
20.748
20.64
20.596
20.603
20.41
20.478
20.397
20.299
20.398
20.346
20.412
20.426
20.206
20.208
20.171
20.214
20.312
20.073
19.935
20.073
19.861
19.906
19.889
19.909
19.768
19.825
19.648
19.575
19.492
19.55
19.286
19.329
19.322
19.156
19.058
18.984
18.852
18.78
18.775
18.733
18.853
18.756
18.542
18.575
18.42
18.287
18.154
17.925
17.768
17.834
17.749
17.434
17.482
17.4
17.132
16.807
16.585
16.031
23.573
23.792
23.759
23.739
24.092
23.943
24.212
24.254
24.266
24.167
24.246
24.338
24.504
24.39
24.602
24.85
24.879
24.934
24.943
24.83
24.967
24.997
22.158
22.079
23.511
23.428
23.787
18.642
18.068
17.671
16.655
16.187
23.406
23.305
23.251
23.115
23.252
23.083
23.03
23.023
22.989
22.952
22.837
22.799
22.83
22.741
22.743
22.813
22.695
22.606
22.664
22.583
22.602
22.51
22.366
22.541
22.358
22.306
22.334
22.303
22.134
22.278
22.043
21.978
21.927
21.944
21.939
21.782
21.807
21.809
21.691
21.567
21.461
21.43
21.499
21.444
21.479
21.338
21.345
21.322
21.468
21.311
21.241
21.234
21.106
21.281
21.212
21.069
20.91
20.795
20.778
20.869
20.673
20.727
20.637
20.55
20.392
20.478
20.411
20.35
20.2
20.201
20.05
20.01
20.019
19.763
19.664
19.517
19.58
19.624
19.384
19.481
19.564
19.421
19.437
19.24
19.125
18.921
19.049
18.984
18.773
18.426
18.48
18.45
18.409
18.48
18.333
17.972
17.968
17.867
17.513
17.578
17.396
17.129
16.997
17.025
16.73
16.869
16.721
16.505
16.532
16.546
16.358
16.273
23.672
23.891
23.87
23.937
23.804
24.209
24.191
24.203
24.399
24.676
22.523
23.115
23.439
23.549
23.815
23.874
24.085
24.48
24.869
24.766
21.058
20.409
19.371
18.483
17.699
17.193
16.228
23.519
23.344
23.266
23.153
23.218
23.013
22.906
22.933
22.966
22.98
22.879
22.825
22.869
22.781
22.825
22.617
22.48
22.626
22.522
22.34
22.324
22.25
22.396
22.327
22.149
22.163
22.069
22.064
22.172
22.117
22.139
21.989
22.045
21.942
22.005
22.067
21.788
21.84
21.966
21.819
21.853
21.891
21.864
21.621
21.669
21.649
21.48
21.494
21.483
21.236
21.273
21.258
21.221
21.29
21.244
21.109
21.185
21.052
21.052
21.057
20.968
20.739
20.8
20.772
20.496
20.547
20.371
20.246
20.405
20.164
20.024
20.102
20.017
20.104
20.008
19.744
19.911
19.745
19.637
19.618
19.62
19.573
19.423
19.334
19.139
18.961
19.073
18.874
18.663
18.589
18.275
18.397
18.338
18.177
18.156
18.019
17.823
17.678
17.602
17.619
17.562
17.456
17.385
16.882
16.517
23.849
23.875
23.922
23.856
23.913
24.041
24.003
24.149
24.378
24.211
24.451
24.59
24.664
24.818
24.8
24.854
24.998
22.861
23.304
24.202
24.598
24.56
24.961
20.488
18.678
18.344
18.051
16.341
21.564
23.567
23.565
23.489
23.393
23.313
23.415
23.265
23.245
23.177
23.217
23.01
23.021
22.89
22.929
22.759
22.9
22.822
22.754
22.789
22.78
22.656
22.743
22.573
22.503
22.438
22.276
22.462
22.298
22.345
22.398
22.308
22.238
22.037
22.029
22.037
22.047
22.039
22.141
22.038
21.947
21.837
21.718
21.74
21.751
21.735
21.724
21.671
21.591
21.688
21.745
21.606
21.55
21.465
21.46
21.342
21.364
21.36
21.325
21.158
21.222
21.275
21.025
21.133
20.955
20.942
21.041
20.911
20.917
20.89
21.025
20.93
20.73
20.835
20.842
20.715
20.733
20.644
20.63
20.575
20.506
20.413
20.243
20.375
20.376
20.206
20.247
20.162
20.053
20.059
19.92
19.927
19.906
19.821
19.744
19.876
19.772
19.702
19.658
19.757
19.661
19.609
19.52
19.349
19.405
19.521
19.256
19.258
19.161
19.126
19.147
19.013
19.022
18.831
18.892
18.748
18.889
18.722
18.753
18.502
18.543
18.43
18.36
18.406
18.186
18.085
18.091
18.023
17.893
17.902
17.826
17.76
17.633
17.203
17.189
16.733
16.672
16.366
16.129
16.066
23.795
23.852
24.05
24.131
24.25
24.295
24.435
24.364
24.458
24.516
24.651
24.786
24.636
24.768
24.897
24.914
24.976
20.588
22.425
23.048
23.314
23.337
23.709
24.124
24.029
24.284
19.974
19.616
17.949
22.744
17.917
23.694
23.669
23.68
23.585
23.571
23.598
23.561
23.521
23.51
23.509
23.533
23.361
23.517
23.361
23.446
23.301
23.306
23.261
23.188
23.291
23.2
23.321
23.26
23.081
23.118
23.152
23.101
23.137
23.007
23.023
22.949
23.037
23.035
22.838
22.848
22.91
22.986
22.951
22.897
22.936
22.901
22.863
22.663
22.764
22.853
22.715
22.757
22.697
22.601
22.634
22.514
22.514
22.5
22.602
22.442
22.572
22.574
22.527
22.477
22.503
22.378
22.393
22.293
22.413
22.382
22.32
22.197
22.164
22.153
22.173
22.076
22.089
22.19
22.174
22.091
21.955
21.908
22.004
22.066
21.852
21.885
21.821
21.939
21.814
21.759
21.902
21.903
21.754
21.789
21.83
21.797
21.772
21.697
21.671
21.566
21.734
21.714
21.602
21.607
21.544
21.464
21.401
21.405
21.386
21.421
21.373
21.366
21.405
21.293
21.133
21.211
21.183
21.084
21.188
21.244
21.078
20.95
20.971
21.165
20.946
20.89
20.942
21.006
20.86
20.952
20.877
20.966
20.921
20.944
20.829
20.804
20.776
20.62
20.776
20.81
20.687
20.747
20.639
20.586
20.589
20.571
20.582
20.483
20.598
20.455
20.589
20.481
20.354
20.471
20.416
20.295
20.382
20.14
20.165
20.178
20.127
20.066
19.749
19.913
19.912
19.786
19.649
19.689
19.624
19.608
19.467
19.416
19.293
19.214
19.238
19.31
19.268
19.109
19.192
19.017
18.934
18.87
18.885
18.911
18.868
18.827
18.772
18.594
18.549
18.523
18.422
18.2
18.169
18.212
18.219
18.133
17.931
17.756
17.85
17.773
17.595
17.384
17.308
17.175
17.246
17.076
17.16
16.964
16.722
16.656
16.632
16.671
16.328
16.133
16.291
16.263
16.297
16.024
16.074
16.258
16.042
23.89
23.939
24.043
24.086
23.999
24.118
24.162
24.127
24.305
24.284
24.32
24.397
24.392
24.409
24.626
24.652
24.971
24.832
24.906
22.193
22.92
23.194
23.49
23.826
23.75
24.174
24.057
24.479
24.381
24.724
20.665
20.522
19.648
19.291
19.072
18.95
18.804
18.492
18.361
18.186
17.792
17.683
16.17
21.843
23.757
23.779
23.65
23.646
23.688
23.643
23.663
23.63
23.607
23.476
23.561
23.444
23.413
23.353
23.335
23.335
23.412
23.336
23.301
23.351
23.229
23.272
23.211
23.149
23.306
23.203
23.228
23.215
23.108
23.048
23.126
23.017
22.939
23.064
22.953
22.91
22.888
22.848
22.864
22.787
22.856
22.903
22.646
22.742
22.66
22.665
22.72
22.619
22.608
22.576
22.644
22.457
22.662
22.518
22.546
22.433
22.41
22.358
22.394
22.402
22.24
22.295
22.298
22.115
22.166
22.134
22.107
22.208
22.094
22.209
22.1
22.009
22.057
22.01
22.114
22.105
22.025
21.889
21.984
21.946
21.972
21.791
21.963
21.749
21.881
21.72
21.711
21.786
21.715
21.619
21.791
21.635
21.647
21.741
21.576
21.403
21.454
21.383
21.404
21.336
21.548
21.438
21.323
21.417
21.439
21.279
21.44
21.154
21.204
21.192
21.074
20.999
20.997
21.171
20.933
20.911
20.847
20.894
20.866
20.809
20.949
20.913
20.785
20.712
20.744
20.791
20.713
20.799
20.653
20.592
20.652
20.539
20.495
20.476
20.357
20.261
20.266
20.382
20.195
20.262
20.341
20.314
20.226
20.1
20.061
20.05
20.009
19.996
19.951
20.048
19.973
19.842
19.677
19.8
19.735
19.775
19.636
19.744
19.628
19.591
19.567
19.47
19.462
19.566
19.48
19.408
19.421
19.307
19.212
19.251
19.167
19.145
18.958
18.849
18.847
18.969
18.873
18.599
18.533
18.535
18.313
18.334
18.086
18.129
18.134
17.974
17.912
17.714
17.583
17.595
17.401
17.541
17.482
17.342
17.279
17.178
17.038
17.082
17.019
16.887
16.598
16.433
16.329
24.032
24.058
24.243
24.265
24.412
24.337
24.323
24.355
24.433
24.553
24.534
24.582
24.545
24.696
24.78
24.714
24.69
24.808
24.808
24.849
24.953
24.807
24.912
24.868
24.973
21.673
23.652
23.683
23.563
23.684
24.023
24.006
23.885
23.935
24.346
24.262
24.576
24.499
24.786
24.943
22.69
21.079
20.636
19.633
19.344
19.336
18.887
18.419
18.302
17.838
17.231
17.037
16.871
22.264
24.247
23.988
23.738
23.884
23.745
23.714
23.877
23.791
23.766
23.724
23.651
23.613
23.591
23.542
23.606
23.631
23.433
23.442
23.438
23.47
23.349
23.434
23.395
23.294
23.235
23.381
23.342
23.247
23.071
23.191
23.207
23.127
23.053
23.152
23.132
23.024
22.938
23.016
23.062
23.011
22.969
22.856
22.844
22.916
22.837
22.769
22.706
22.696
22.711
22.716
22.751
22.718
22.734
22.648
22.53
22.644
22.653
22.42
22.576
22.421
22.519
22.451
22.498
22.36
22.492
22.497
22.393
22.393
22.277
22.432
22.254
22.263
22.236
22.191
22.086
22.142
22.189
22.17
22.217
22.229
22.101
22.17
22.122
22.086
22.17
22.08
21.932
21.96
21.997
21.943
21.9
21.842
21.888
22.013
21.996
21.85
21.846
21.879
21.737
21.883
21.752
21.649
21.756
21.801
21.653
21.781
21.762
21.714
21.644
21.684
21.727
21.533
21.516
21.41
21.576
21.558
21.364
21.323
21.445
21.412
21.254
21.214
21.384
21.315
21.197
21.261
21.119
21.081
21.231
21.084
21.224
20.97
21.048
20.952
20.976
20.929
20.97
20.942
20.944
20.955
20.782
20.809
20.795
20.707
20.621
20.674
20.661
20.603
20.534
20.7
20.615
20.433
20.553
20.412
20.559
20.53
20.419
20.284
20.21
20.374
20.351
20.256
20.246
20.256
20.011
20.186
20.1
20.012
20.14
20.004
19.943
20.099
20.09
19.865
19.788
19.719
19.717
19.665
19.733
19.497
19.356
19.34
19.345
19.252
19.351
19.317
19.244
19.204
19.292
19.092
19.161
19.007
18.984
19.024
18.944
18.735
18.855
18.715
18.778
18.585
18.607
18.661
18.567
18.612
18.424
18.081
18.187
18.054
18.1
17.886
17.881
17.608
17.405
17.381
16.864
16.673
16.661
16.648
16.582
16.266
16.138
16.04
16.156
16.04
24.152
24.335
24.385
24.328
24.434
24.283
24.452
24.405
24.5
24.616
24.641
24.671
24.803
24.811
24.817
24.985
22.49
23.049
23.271
23.814
23.769
24.142
24.001
24.379
24.362
24.375
24.653
24.642
24.673
24.931
22.179
21.341
20.718
20.537
20.305
19.85
19.219
18.759
18.64
18.424
18.148
17.948
17.058
16.859
16.265
24.233
24.37
24.452
23.998
23.812
23.861
23.901
23.819
23.811
23.687
23.732
23.658
23.585
23.755
23.674
23.751
23.605
23.7
23.504
23.486
23.449
23.617
23.481
23.503
23.56
23.404
23.327
23.39
23.217
23.239
23.203
23.147
23.135
23.209
23.214
23.211
23.085
23.054
23.146
22.996
23.009
22.965
22.97
23.142
22.99
23.004
22.991
22.89
22.92
22.87
22.794
22.817
22.754
22.735
22.697
22.697
22.791
22.619
22.618
22.6
22.522
22.572
22.575
22.64
22.609
22.447
22.455
22.543
22.375
22.533
22.363
22.286
22.444
22.36
22.211
22.276
22.309
22.228
22.335
22.177
22.191
22.151
22.202
22.187
22.117
22.124
22.09
22.026
22.156
22.068
22.049
22.124
21.968
21.982
22.024
21.851
21.989
21.929
21.831
21.775
21.81
21.758
21.718
21.783
21.737
21.674
21.62
21.585
21.588
21.457
21.438
21.6
21.462
21.422
21.465
21.337
21.371
21.269
21.403
21.263
21.17
21.217
21.151
21.301
21.184
21.116
21.183
21.164
21.254
21.116
21.107
21.098
20.945
20.992
20.999
20.983
20.951
20.929
20.948
20.915
20.886
20.951
20.686
20.804
20.779
20.702
20.762
20.536
20.655
20.569
20.562
20.406
20.499
20.313
20.309
20.279
20.37
20.243
20.16
20.094
20.169
19.957
20.018
19.974
19.822
19.828
19.782
19.776
19.584
19.661
19.708
19.706
19.461
19.526
19.688
19.308
19.433
19.317
19.117
19.135
19.164
19.245
19.002
19.193
19.004
19.038
18.975
19.019
18.926
18.863
18.762
18.883
18.791
18.684
18.689
18.618
18.53
18.317
18.286
18.322
18.07
17.735
17.629
17.566
17.47
17.412
17.522
17.286
16.954
17.094
17.033
16.617
16.844
16.649
16.797
16.552
16.46
16.031
16.038
16.105
24.355
24.384
24.483
24.454
24.372
24.803
24.673
24.923
24.945
24.892
24.931
22.318
23.229
23.464
23.828
23.885
24.167
24.141
24.455
24.8
24.716
23.37
22.793
22.628
22.022
20.757
20.269
19.771
19.596
19.23
19.05
18.966
18.599
18.204
17.457
16.981
23.395
24.051
24.092
23.999
24.001
24.028
23.922
24.005
23.938
23.938
23.812
23.94
23.917
23.909
23.66
23.699
23.67
23.605
23.576
23.62
23.587
23.626
23.598
23.49
23.445
23.453
23.404
23.478
23.377
23.318
23.331
23.351
23.362
23.175
23.345
23.263
23.168
23.152
23.234
23.171
23.017
23.101
23.025
22.9
22.998
22.948
22.909
22.995
22.807
22.832
22.867
22.711
22.634
22.804
22.727
22.55
22.7
22.654
22.598
22.487
22.654
22.565
22.42
22.425
22.402
22.571
22.318
22.312
22.344
22.369
22.455
22.226
22.287
22.26
22.288
22.25
22.226
22.176
22.098
22.225
22.231
22.154
22.131
22.166
22.011
21.911
22.119
21.785
21.906
21.891
21.905
21.839
21.875
21.78
21.688
21.848
21.679
21.773
21.638
21.562
21.527
21.637
21.565
21.554
21.522
21.508
21.614
21.566
21.517
21.456
21.499
21.353
21.408
21.261
21.397
21.302
21.323
21.327
21.217
21.255
21.346
21.281
21.271
21.106
21.244
21.102
21.195
21.134
21.007
21.006
21.022
20.961
20.961
20.963
20.984
20.983
20.806
20.713
20.823
20.782
20.726
20.717
20.67
20.624
20.62
20.685
20.459
20.48
20.425
20.44
20.397
20.419
20.466
20.349
20.264
20.409
20.227
20.292
20.175
20.234
20.15
20.099
20.179
20.068
19.987
20.134
19.964
19.84
19.991
19.9
19.764
19.858
19.914
19.816
19.786
19.583
19.681
19.65
19.485
19.479
19.422
19.428
19.427
19.38
19.318
19.294
19.116
19.079
19.013
18.902
18.694
18.657
18.526
18.472
18.439
18.456
18.306
18.312
18.225
18.16
18.104
17.95
18.134
17.894
17.945
17.934
17.702
17.612
17.637
17.657
17.467
17.006
16.905
16.828
16.975
16.871
16.794
16.635
16.689
16.38
16.309
16.154
16.125
16.234
24.426
24.521
24.579
24.541
24.611
24.575
24.6
24.686
24.708
24.812
24.824
24.891
23.384
23.57
23.584
23.853
24.181
24.262
24.364
24.561
24.549
24.592
24.543
24.916
24.921
24.801
23.071
22.798
21.894
21.392
20.841
20.536
20.334
20.188
19.776
19.504
19.406
19.225
18.98
18.514
18.026
17.824
17.627
16.535
16.183
24.039
24.195
24.226
24.162
24.045
24.143
24.048
24.191
24.071
24.068
24.174
24.054
23.927
23.957
23.838
23.938
23.896
23.912
23.852
23.852
23.767
23.719
23.669
23.749
23.633
23.744
23.735
23.649
23.683
23.683
23.483
23.675
23.451
23.599
23.353
23.508
23.299
23.359
23.302
23.248
23.263
23.275
23.182
23.028
23.104
23.071
23.033
23.103
22.971
23.043
22.848
23.004
22.88
22.938
22.897
22.816
22.756
22.754
22.734
22.704
22.689
22.761
22.681
22.676
22.728
22.561
22.682
22.605
22.512
22.507
22.52
22.415
22.41
22.377
22.523
22.397
22.372
22.267
22.278
22.234
22.318
22.225
22.227
22.238
22.263
22.193
22.094
22.154
22.001
21.982
22.015
22.089
21.915
21.944
22.082
21.856
21.868
21.976
21.853
21.737
21.832
21.692
21.682
21.733
21.677
21.729
21.518
21.719
21.615
21.569
21.529
21.607
21.493
21.633
21.471
21.451
21.409
21.58
21.349
21.445
21.23
21.333
21.364
21.333
21.292
21.42
21.186
21.307
21.256
21.135
21.094
21.201
21.129
21.001
21.165
20.97
20.92
21.05
20.913
20.891
20.933
20.754
20.889
20.729
20.762
20.751
20.775
20.733
20.649
20.793
20.651
20.773
20.564
20.566
20.593
20.622
20.532
20.622
20.543
20.579
20.605
20.502
20.368
20.46
20.304
20.202
20.233
20.255
20.268
20.077
20.099
20.127
20.047
19.937
19.927
19.857
19.761
19.754
19.654
19.641
19.564
19.677
19.59
19.548
19.444
19.51
19.402
19.32
19.123
19.15
18.989
18.881
18.897
18.806
18.645
18.764
18.815
18.509
18.453
18.377
18.221
18.258
18.166
17.952
17.969
17.95
17.762
17.644
17.535
17.433
17.406
17.326
17.202
17.198
17.035
17.055
16.866
16.98
16.881
16.523
16.652
16.376
16.356
16.249
16.269
16.245
16.207
16.158
24.588
24.542
24.676
24.869
24.794
24.78
24.856
24.802
24.981
21.808
22.562
22.937
23.201
23.542
23.665
23.997
24.138
24.384
24.423
24.41
24.44
24.389
24.714
24.791
24.641
24.989
24.054
22.19
20.884
20.444
20.265
20.008
19.878
19.668
19.474
19.294
19.156
18.883
18.493
18.304
18.032
17.438
17.408
20.81
23.953
24.376
24.215
24.245
24.147
24.306
24.103
24.211
24.187
24.258
24.085
24.152
24.101
24.086
24.09
24.198
24.055
24.101
23.957
23.981
23.923
23.811
23.848
23.881
23.823
23.755
23.809
23.772
23.709
23.765
23.708
23.638
23.693
23.737
23.519
23.709
23.654
23.582
23.542
23.621
23.515
23.484
23.509
23.368
23.431
23.275
23.361
23.466
23.347
23.316
23.276
23.33
23.178
23.121
23.2
23.139
23.163
23.2
22.938
23.086
23.051
23.106
23.12
22.903
23.002
23.013
22.931
22.872
22.831
22.895
22.858
22.753
22.858
22.72
22.711
22.714
22.783
22.664
22.661
22.568
22.652
22.586
22.596
22.509
22.521
22.54
22.563
22.502
22.462
22.487
22.458
22.41
22.381
22.417
22.39
22.304
22.328
22.285
22.259
22.26
22.04
22.097
22.236
22.18
22.081
21.993
22.066
22.034
21.998
22.084
22.03
22.092
22.016
22.062
21.866
22.014
21.954
21.777
21.806
21.768
21.757
21.645
21.68
21.757
21.542
21.573
21.597
21.466
21.541
21.57
21.706
21.627
21.483
21.57
21.486
21.543
21.409
21.498
21.501
21.443
21.423
21.434
21.345
21.282
21.37
21.379
21.298
21.312
21.182
21.295
21.235
21.169
21.082
21.13
21.152
21.057
21.163
20.993
20.985
20.934
20.895
20.98
20.973
20.96
20.909
20.892
20.815
20.7
20.806
20.707
20.674
20.508
20.567
20.605
20.458
20.496
20.582
20.411
20.422
20.475
20.331
20.449
20.32
20.353
20.372
20.294
20.295
20.301
20.28
20.09
20.077
20.158
20.094
20.081
20.06
20.147
19.937
20.048
19.874
19.807
19.668
19.785
19.706
19.681
19.692
19.603
19.655
19.547
19.629
19.593
19.574
19.356
19.511
19.318
19.411
19.398
19.224
19.048
18.918
18.799
18.782
18.632
18.736
18.589
18.472
18.266
18.307
18.138
18.131
17.971
17.746
17.787
17.561
17.386
17.275
17.069
16.755
16.739
16.762
16.698
16.354
16.488
16.247
24.726
24.663
24.81
24.832
24.779
24.873
21.645
22.884
23.121
23.872
24.134
24.159
24.442
24.389
24.54
24.507
24.846
24.755
22.813
22.413
21.807
21.49
20.72
20.282
20.054
19.797
19.511
19.404
19.243
18.829
18.543
18.233
17.791
17.609
16.698
16.111
23.838
23.894
24.203
24.288
24.4
24.396
24.339
24.309
24.278
24.174
24.364
24.207
24.297
24.246
24.215
24.268
24.198
24.059
23.994
23.926
24.045
23.972
23.944
23.921
23.935
23.845
23.788
23.922
23.737
23.882
23.712
23.847
23.756
23.647
23.646
23.722
23.541
23.632
23.555
23.567
23.579
23.577
23.526
23.404
23.365
23.264
23.387
23.414
23.302
23.276
23.241
23.268
23.267
23.159
23.042
23.023
23.09
22.974
23.051
22.95
23.125
23.024
22.992
23.005
22.803
22.843
22.85
22.817
22.793
22.695
22.884
22.802
22.734
22.755
22.665
22.709
22.608
22.536
22.61
22.664
22.435
22.621
22.475
22.515
22.383
22.442
22.449
22.506
22.455
22.383
22.263
22.187
22.254
22.178
22.208
22.181
22.069
22.003
22.149
22.069
22.033
22.066
22.061
21.944
21.885
21.829
21.892
21.855
21.77
21.636
21.727
21.66
21.575
21.708
21.576
21.571
21.619
21.516
21.547
21.373
21.43
21.334
21.4
21.301
21.395
21.22
21.165
21.165
21.224
21.182
21.157
21.112
21.182
21.042
21.098
20.963
20.947
21.074
21.08
20.821
20.926
20.76
20.835
20.844
20.774
20.879
20.732
20.628
20.709
20.683
20.721
20.53
20.704
20.553
20.428
20.511
20.481
20.482
20.414
20.264
20.365
20.391
20.154
20.242
20.189
19.985
20.103
20.081
20.05
19.932
19.903
19.861
19.811
19.837
19.896
19.847
19.61
19.689
19.636
19.542
19.644
19.459
19.451
19.515
19.553
19.386
19.273
19.233
19.143
19.05
19.051
18.969
18.933
18.817
18.668
18.589
18.537
18.438
18.273
18.094
18.021
18.035
17.87
17.965
17.944
17.514
17.259
17.061
17.13
17.115
16.967
16.9
16.516
16.498
16.486
16.568
16.071
16.086
16.048
24.865
24.945
24.888
22.459
23.362
23.753
23.84
24.327
24.266
24.324
24.549
24.508
24.873
24.874
24.217
20.428
20.251
20.006
19.605
19.576
19.275
19.169
18.431
17.977
17.969
17.419
16.264
16.016
24.408
24.435
24.526
24.349
24.304
24.269
24.242
24.373
24.354
24.19
24.363
24.229
24.199
24.12
24.081
24.081
24.092
23.922
24.045
23.896
23.857
24.066
23.942
23.776
23.843
23.899
23.718
23.796
23.683
23.629
23.772
23.579
23.542
23.715
23.648
23.543
23.479
23.646
23.379
23.506
23.531
23.366
23.451
23.375
23.36
23.362
23.33
23.374
23.282
23.239
23.245
23.214
23.134
23.192
23.177
23.064
23.002
23.099
23.013
22.94
22.888
22.882
22.99
22.822
22.874
22.876
22.745
22.732
22.82
22.764
22.834
22.65
22.65
22.713
22.642
22.758
22.528
22.537
22.706
22.441
22.471
22.581
22.431
22.391
22.405
22.409
22.517
22.328
22.339
22.354
22.281
22.343
22.221
22.215
22.108
22.105
22.232
22.245
22.005
22.07
22.008
21.933
21.864
21.949
21.968
21.9
21.948
21.964
21.793
21.697
21.863
21.867
21.829
21.769
21.652
21.781
21.741
21.667
21.735
21.578
21.668
21.603
21.492
21.65
21.608
21.501
21.372
21.513
21.572
21.452
21.401
21.336
21.465
21.197
21.271
21.332
21.343
21.182
21.172
21.135
21.133
20.951
21.083
20.937
20.992
20.915
21.016
20.868
20.899
20.736
20.904
20.859
20.78
20.74
20.68
20.613
20.574
20.78
20.556
20.714
20.591
20.57
20.527
20.489
20.468
20.488
20.373
20.367
20.397
20.344
20.388
20.306
20.281
20.252
20.203
20.168
20.238
20.092
20.227
20.234
20.01
20.033
20.077
20.027
20.014
19.95
19.788
19.63
19.633
19.64
19.564
19.515
19.373
19.306
19.113
19.236
19.128
19.01
18.945
18.935
18.912
18.919
18.806
18.694
18.621
18.692
18.462
18.279
18.222
18.128
18.055
17.922
17.803
17.779
17.9
17.637
17.631
17.392
17.14
17.103
16.969
17.029
16.388
24.944
24.898
24.964
21.566
22.361
23.161
23.437
23.317
24.008
24.064
24.373
24.294
24.401
24.735
24.716
24.947
23.029
22.128
21.483
21.015
20.939
20.781
20.273
20.188
19.956
19.757
19.402
19.304
19.05
18.741
18.382
18.12
18.089
16.917
16.867
16.271
17.723
24.539
24.435
24.527
24.387
24.478
24.435
24.337
24.272
24.287
24.214
24.184
24.367
24.206
24.153
24.194
24.17
24.19
24.076
24.033
24.093
23.995
24.114
24.079
23.872
23.944
23.864
23.779
23.787
23.902
23.67
23.75
23.628
23.756
23.641
23.757
23.706
23.551
23.56
23.616
23.587
23.465
23.531
23.465
23.417
23.412
23.369
23.449
23.282
23.27
23.276
23.395
23.333
23.242
23.281
23.272
23.127
23.198
23.048
23.149
22.962
22.995
23.132
23.057
23.055
22.87
22.908
23.054
22.872
22.817
22.789
22.702
22.774
22.739
22.744
22.738
22.661
22.712
22.534
22.526
22.575
22.571
22.488
22.497
22.478
22.536
22.365
22.546
22.407
22.488
22.402
22.423
22.315
22.235
22.238
22.184
22.152
22.242
22.117
22.069
22.114
22.197
22.041
22.144
22.196
22.077
21.956
21.998
21.982
21.861
21.727
21.851
21.804
21.849
21.713
21.794
21.784
21.842
21.618
21.669
21.707
21.63
21.608
21.528
21.436
21.403
21.547
21.487
21.463
21.309
21.34
21.379
21.348
21.299
21.33
21.289
21.27
21.222
21.139
21.082
21.076
21.035
20.921
21.03
20.91
20.893
20.847
20.923
20.882
20.815
20.722
20.721
20.609
20.718
20.662
20.733
20.573
20.627
20.47
20.517
20.596
20.5
20.455
20.404
20.186
20.256
20.352
20.083
20.067
19.941
20.018
20.053
19.938
19.827
19.792
19.847
19.786
19.674
19.78
19.774
19.721
19.525
19.431
19.606
19.446
19.205
19.047
18.872
18.837
18.684
18.861
18.647
18.519
18.521
18.586
18.464
18.295
18.282
18.137
17.89
17.965
17.469
17.441
17.356
17.428
17.297
17.125
17.046
17.168
17.086
16.797
16.736
16.528
16.648
16.74
16.125
24.866
24.948
24.355
24.385
24.77
24.72
23.258
21.634
21.375
21.14
20.702
20.319
19.961
19.859
19.6
19.543
19.374
18.547
18.455
17.388
17.12
16.68
24.598
24.655
24.703
24.52
24.621
24.584
24.6
24.439
24.328
24.394
24.344
24.403
24.287
24.376
24.321
24.334
24.224
24.272
24.169
24.082
24.005
24.083
24.143
24.061
23.948
23.963
23.938
24.03
23.957
23.982
23.788
23.911
23.737
23.713
23.738
23.69
23.666
23.733
23.763
23.72
23.604
23.529
23.577
23.601
23.51
23.568
23.524
23.562
23.38
23.339
23.277
23.475
23.388
23.261
23.31
23.255
23.243
23.31
23.157
23.251
23.192
23.044
23.11
23.089
23.04
23.03
23.065
22.973
23.148
23.145
23.07
22.978
22.931
22.905
22.928
22.706
22.928
22.74
22.712
22.667
22.702
22.617
22.71
22.648
22.655
22.52
22.497
22.629
22.493
22.589
22.524
22.425
22.419
22.482
22.436
22.375
22.39
22.401
22.366
22.292
22.271
22.261
22.276
22.14
22.166
22.156
22.023
22.134
22.109
22.119
22.046
21.948
22.107
21.919
21.96
21.775
21.894
21.92
21.824
21.793
21.818
21.806
21.658
21.637
21.634
21.593
21.589
21.581
21.686
21.483
21.56
21.546
21.408
21.445
21.417
21.306
21.194
21.351
21.317
21.253
21.106
21.204
21.131
20.982
21.061
21.041
21.082
20.924
20.878
20.823
20.978
20.8
20.831
20.676
20.627
20.645
20.58
20.595
20.697
20.489
20.569
20.434
20.358
20.413
20.216
20.126
20.231
19.965
20.014
20.095
20.044
19.969
19.793
19.78
19.763
19.847
19.713
19.64
19.602
19.374
19.379
19.447
19.295
19.037
19.137
19.011
18.946
18.859
18.636
18.395
18.304
18.323
18.186
17.994
17.894
17.604
17.605
17.572
17.532
17.302
17.414
17.371
17.334
17.036
16.849
16.821
16.671
16.354
23.416
23.892
24.176
24.115
24.422
24.536
24.757
24.813
24.895
24.762
23.878
22.859
22.329
21.251
20.863
20.428
20.126
19.886
19.714
19.6
19.123
18.974
18.915
18.619
18.437
18.305
18.019
17.604
17.489
24.722
24.701
24.632
24.542
24.603
24.552
24.57
24.433
24.464
24.472
24.406
24.404
24.335
24.394
24.238
24.347
24.317
24.201
24.141
24.054
24.03
24.098
24.086
23.977
24.043
23.981
23.822
23.856
23.922
23.833
23.849
23.72
23.696
23.745
23.716
23.71
23.719
23.583
23.728
23.496
23.547
23.592
23.501
23.514
23.532
23.284
23.286
23.46
23.281
23.329
23.362
23.211
23.288
23.262
23.225
23.147
23.183
23.086
23.169
23.148
23.034
23.106
22.993
23.067
22.913
22.981
22.989
22.91
22.852
22.858
22.765
22.831
22.699
22.764
22.645
22.684
22.674
22.603
22.642
22.627
22.576
22.659
22.542
22.609
22.579
22.366
22.389
22.383
22.299
22.276
22.226
22.304
22.246
22.223
22.081
22.163
22.16
21.905
21.869
22.02
21.876
21.889
22.006
21.909
21.751
21.679
21.68
21.731
21.65
21.566
21.561
21.528
21.495
21.47
21.493
21.411
21.408
21.516
21.447
21.431
21.372
21.23
21.272
21.29
21.214
21.087
21.097
21.093
21.131
21.138
21.007
20.996
20.97
21.016
20.859
20.879
20.796
20.919
20.939
20.814
20.821
20.777
20.668
20.664
20.677
20.556
20.483
20.525
20.464
20.394
20.379
20.319
20.357
20.455
20.318
20.324
20.301
20.012
20.027
19.859
19.85
19.95
19.934
19.944
19.721
19.621
19.71
19.423
19.481
19.425
19.251
19.249
19.073
19.182
19.059
19.074
18.872
18.912
18.436
18.46
18.31
18.374
18.327
18.244
18.267
17.838
18.05
17.401
17.394
17.445
17.237
17.149
16.997
16.764
16.495
16.169
16.453
16.165
23.406
24.034
24.682
24.938
24.369
21.364
21.007
20.719
20.397
20.312
20.004
19.907
19.611
19.287
19.152
18.797
18.641
18.511
18.346
17.491
16.85
16.677
16.136
19.718
24.851
24.716
24.69
24.551
24.638
24.624
24.498
24.508
24.508
24.378
24.486
24.416
24.494
24.4
24.263
24.252
24.238
24.261
24.247
24.262
24.123
24.076
24.198
24.12
24.209
24.088
24.051
23.902
23.897
23.884
23.821
23.874
23.797
23.843
23.827
23.712
23.647
23.775
23.662
23.549
23.631
23.619
23.624
23.477
23.523
23.393
23.496
23.429
23.363
23.389
23.417
23.39
23.245
23.301
23.31
23.28
23.276
23.229
23.26
23.301
23.171
23.107
23.207
23.12
23.008
23.075
22.854
22.988
22.978
22.785
22.847
22.88
22.802
22.945
22.935
22.826
22.854
22.889
22.636
22.604
22.696
22.576
22.571
22.573
22.38
22.502
22.462
22.254
22.362
22.312
22.191
22.333
22.244
22.071
22.119
22.038
22.022
21.993
21.878
21.881
21.789
21.836
21.739
21.802
21.697
21.831
21.633
21.509
21.569
21.391
21.431
21.477
21.486
21.374
21.429
21.26
21.246
21.142
21.089
21.154
21.078
21.23
21.007
21.049
20.982
20.931
20.989
21.066
20.91
20.76
20.873
20.815
20.71
20.726
20.779
20.594
20.604
20.602
20.567
20.665
20.62
20.539
20.417
20.513
20.503
20.469
20.284
20.485
20.349
20.282
20.377
20.202
20.315
20.011
20.064
19.896
19.94
19.572
19.456
19.32
19.345
19.156
19.147
19.099
19.052
18.977
19.016
19.013
18.856
18.792
18.8
18.675
18.506
18.612
18.275
18.124
17.95
18.125
17.953
17.778
17.522
17.285
17.316
17.137
16.905
16.721
16.619
16.476
16.459
16.284
24.084
24.174
24.234
23.223
22.716
22.488
22.024
21.652
21.273
21.076
20.913
20.751
20.504
20.231
20.025
19.977
19.631
19.447
19.207
18.968
18.73
18.398
18.327
18.19
18.072
17.799
17.417
16.557
16.048
24.529
21.888
24.958
24.888
24.843
24.888
24.706
24.727
24.722
24.577
24.634
24.566
24.564
24.608
24.454
24.466
24.614
24.4
24.383
24.407
24.31
24.443
24.42
24.412
24.205
24.221
24.27
24.211
24.18
24.188
24.029
24.038
23.946
23.95
23.871
23.818
24.013
23.797
23.79
23.798
23.78
23.762
23.634
23.708
23.587
23.61
23.609
23.634
23.437
23.575
23.48
23.544
23.358
23.323
23.349
23.37
23.283
23.316
23.324
23.232
23.239
23.157
23.15
23.158
23.198
23.094
23.2
23.01
23.104
22.967
22.932
22.91
22.898
22.818
22.777
22.94
22.717
22.698
22.813
22.636
22.616
22.696
22.545
22.495
22.543
22.557
22.573
22.48
22.413
22.458
22.244
22.367
22.252
22.314
22.289
22.225
22.114
22.095
22.158
21.985
21.969
21.943
21.913
22.051
21.849
21.894
21.717
21.846
21.652
21.778
21.714
21.693
21.611
21.651
21.523
21.439
21.545
21.478
21.489
21.344
21.315
21.307
21.266
21.198
21.091
21.041
21.032
21.173
21.118
21.107
21.104
20.997
21.132
21.122
20.908
20.97
20.808
20.822
20.752
20.777
20.719
20.566
20.464
20.326
20.226
20.145
20.193
19.999
19.722
19.674
19.564
19.477
19.523
19.435
19.253
19.156
19.262
19.06
18.878
18.74
18.325
18.466
18.362
18.109
18.09
17.933
17.93
17.758
17.661
17.434
17.42
17.319
17.248
17.163
16.909
16.578
16.387
16.324
16.02
16.333
16.217
16.109
16.104
16.038
16.013
23.752
24.987
22.662
22.085
21.868
21.657
21.512
21.234
21.085
20.951
20.815
20.617
20.302
20.287
19.92
19.922
19.692
19.353
19.289
19.1
18.568
18.394
18.312
17.929
17.418
16.236
16.081
21.347
24.939
24.878
24.884
24.785
24.738
24.78
24.783
24.794
24.707
24.639
24.72
24.632
24.786
24.628
24.632
24.564
24.528
24.483
24.432
24.526
24.397
24.405
24.242
24.286
24.292
24.149
24.127
24.149
24.054
24.152
23.953
24.081
23.895
23.939
23.895
23.933
23.911
23.865
23.795
23.883
23.793
23.687
23.664
23.689
23.705
23.526
23.566
23.533
23.512
23.488
23.531
23.332
23.391
23.442
23.334
23.194
23.273
23.138
23.262
23.283
23.194
23.154
23.036
23.069
23.123
23.045
23.079
23.039
22.898
22.894
22.902
22.835
22.972
22.901
22.818
22.864
22.881
22.804
22.776
22.834
22.674
22.804
22.624
22.736
22.742
22.766
22.669
22.668
22.429
22.515
22.553
22.31
22.501
22.267
22.225
22.35
22.146
22.301
22.277
22.252
22.237
22.067
22.173
22.019
21.99
21.938
21.778
21.89
21.84
21.812
21.726
21.74
21.652
21.567
21.559
21.473
21.399
21.477
21.476
21.532
21.442
21.317
21.411
21.334
21.371
21.29
21.246
21.298
21.205
21.177
21.137
21.234
21.06
21.07
21.047
21.082
20.952
20.89
20.872
20.733
20.648
20.691
20.728
20.515
20.554
20.625
20.585
20.626
20.506
20.461
20.411
20.263
20.34
20.172
20.146
20.055
19.893
19.715
19.643
19.706
19.579
19.54
19.59
19.536
19.561
19.457
19.481
19.327
19.206
19.055
18.818
18.626
18.672
18.606
18.514
18.561
18.471
18.363
18.352
18.303
18.184
18.032
17.988
18.121
17.56
17.215
17.277
16.811
16.225
16.654
16.228
23.236
23.943
24.299
24.899
24.895
22.746
22.374
21.405
21.096
20.959
20.81
20.654
20.398
20.178
20.055
19.966
19.755
19.504
19.071
19.005
18.726
18.628
18.317
17.957
17.815
17.667
17.031
16.651
16.528
24.973
24.908
24.75
24.826
24.781
24.686
24.73
24.741
24.78
24.677
24.623
24.516
24.572
24.591
24.527
24.59
24.542
24.429
24.396
24.36
24.449
24.496
24.353
24.257
24.177
24.237
24.255
24.028
24.132
24.051
24.113
23.945
24.105
23.999
23.904
23.992
23.795
23.915
23.855
23.833
23.674
23.745
23.855
23.685
23.593
23.607
23.516
23.535
23.572
23.661
23.424
23.542
23.415
23.338
23.398
23.424
23.347
23.274
23.297
23.212
23.315
23.287
23.212
23.259
23.187
23.066
22.995
23.039
23.087
23.103
23.068
22.936
22.999
23.043
22.87
22.9
22.893
23.007
22.743
22.752
22.747
22.727
22.765
22.828
22.749
22.523
22.618
22.462
22.553
22.517
22.547
22.574
22.422
22.256
22.352
22.165
22.231
22.15
22.028
22.079
22.09
22.025
21.894
21.812
21.963
21.977
21.926
21.872
21.755
21.629
21.62
21.62
21.617
21.592
21.546
21.533
21.403
21.505
21.55
21.493
21.431
21.26
21.367
21.298
21.204
21.272
21.108
21.117
21.076
21.098
21.025
21.093
21.032
20.993
21.022
21.048
21.034
20.934
20.858
20.789
20.673
20.754
20.611
20.586
20.582
20.51
20.445
20.317
20.307
20.104
20.169
20.063
19.997
20.072
20.012
19.925
20.059
19.763
19.892
19.752
19.757
19.711
19.635
19.494
19.616
19.464
19.25
19.363
19.208
19.107
19.134
18.779
18.701
18.721
18.566
18.325
18.342
18.265
18.197
18.115
18.066
17.966
17.462
17.602
16.924
17.021
16.537
16.78
16.65
16.674
16.737
16.347
16.018
16.21
24.349
24.981
22.595
22.401
22.255
21.963
21.739
21.202
21.104
20.637
20.595
20.243
20.075
20.062
19.797
19.496
19.293
19.083
18.437
18.151
17.999
17.45
17.354
17.164
17.12
16.843
16.512
24.052
17.386
24.961
24.907
24.839
24.97
24.89
24.886
24.759
24.671
24.839
24.607
24.523
24.636
24.521
24.578
24.457
24.416
24.395
24.338
24.427
24.285
24.215
24.143
24.108
24.017
24.083
24.077
24.045
23.869
23.972
24.002
23.775
23.77
23.793
23.839
23.723
23.646
23.723
23.597
23.603
23.509
23.655
23.514
23.414
23.573
23.323
23.279
23.317
23.358
23.288
23.115
23.18
23.184
22.986
23.098
22.925
22.915
22.898
22.926
22.854
22.799
22.733
22.758
22.743
22.741
22.641
22.734
22.569
22.501
22.532
22.616
22.513
22.471
22.52
22.286
22.38
22.218
22.259
22.327
22.19
22.135
22.016
22.071
22.066
22.062
22.005
21.948
21.878
21.892
21.88
21.929
21.883
21.798
21.907
21.754
21.639
21.65
21.74
21.438
21.483
21.419
21.298
21.274
21.211
21.136
21.045
21.072
21.155
20.897
20.778
20.792
20.846
20.655
20.761
20.63
20.637
20.378
20.325
20.284
20.283
20.274
20.264
20.199
20.039
19.948
20.055
19.716
19.703
19.691
19.61
19.614
19.533
19.265
19.179
19.137
19.119
18.947
18.838
18.809
18.803
18.702
18.34
18.178
18.152
18.054
18.041
18.043
17.952
17.284
17.217
17.301
16.947
16.814
16.828
16.671
16.569
16.753
16.576
16.122
23.856
24.654
24.595
24.916
23.062
22.789
22.493
22.168
21.106
20.918
20.714
20.608
20.349
20.348
20.154
20.048
19.729
19.371
19.013
18.921
18.652
18.188
17.85
17.792
17.472
17.341
16.756
16.547
21.907
22.969
24.973
24.931
24.866
24.994
24.816
24.801
24.859
24.806
24.803
24.717
24.771
24.692
24.602
24.66
24.661
24.745
24.648
24.476
24.577
24.586
24.411
24.385
24.425
24.494
24.308
24.421
24.233
24.343
24.279
24.27
24.274
24.264
24.072
24.189
24.1
24.063
24.039
24.067
24.139
23.999
23.951
23.987
23.813
23.822
23.87
23.888
23.854
23.864
23.733
23.677
23.719
23.646
23.612
23.74
23.641
23.484
23.401
23.439
23.406
23.368
23.258
23.353
23.376
23.251
23.169
23.293
23.081
23.105
23.214
23.1
23.125
23.023
22.937
22.872
22.79
22.628
22.711
22.612
22.683
22.626
22.624
22.622
22.467
22.566
22.613
22.357
22.381
22.383
22.382
22.431
22.243
22.286
22.328
22.272
22.243
22.154
22.209
22.168
22.167
21.892
22.01
22.024
21.844
21.926
21.713
21.793
21.77
21.675
21.67
21.624
21.614
21.559
21.431
21.321
21.306
21.232
21.29
21.123
21.2
21.026
21.151
20.904
20.91
20.878
20.756
20.622
20.382
20.299
20.293
20.242
20.015
20.179
20.021
20.044
19.886
19.946
19.594
19.38
19.377
19.221
18.87
18.61
18.538
18.302
18.182
17.944
17.764
17.392
17.174
17.116
17.064
16.981
16.906
16.563
16.703
16.598
16.073
16.341
16.315
16.284
22.805
24.411
23.092
22.88
22.727
22.194
22.02
21.799
21.644
21.292
21.213
21.132
20.774
20.652
20.549
20.438
20.23
20.019
19.837
19.7
19.465
19.287
19.012
18.915
18.401
17.818
17.676
17.441
17.328
16.923
16.665
16.466
16.31
16.121
23.267
24.029
24.943
24.83
24.811
24.886
24.784
24.769
24.806
24.622
24.547
24.675
24.604
24.557
24.492
24.413
24.407
24.317
24.356
24.367
24.217
24.128
24.184
24.158
24.181
24.054
24.221
24.097
24.01
23.994
23.925
24.034
23.896
23.918
23.964
23.728
23.791
23.786
23.635
23.574
23.676
23.538
23.596
23.54
23.5
23.495
23.406
23.482
23.364
23.429
23.331
23.335
23.275
23.371
23.263
23.271
23.278
23.144
23.137
23.073
23.104
22.997
23.029
23.078
23.011
23.021
22.995
22.899
22.867
22.669
22.735
22.625
22.675
22.716
22.403
22.567
22.504
22.327
22.401
22.259
22.289
22.114
22.084
22.039
21.839
21.79
21.798
21.851
21.811
21.852
21.571
21.576
21.67
21.531
21.519
21.419
21.396
21.244
21.226
21.262
21.187
21.171
20.985
21.009
21.061
21.002
20.908
20.846
20.805
20.447
20.245
20.304
20.243
20.256
20.101
20.037
20.014
20.123
19.817
19.872
19.673
19.533
19.303
19.158
19.187
19.252
19.029
18.766
18.632
18.446
18.338
18.367
18.209
17.597
17.18
17.102
17.21
16.905
17.068
16.561
16.527
23.143
24.744
23.972
21.546
21.293
21.138
20.945
20.747
20.48
20.413
20.387
20.079
20.04
19.705
19.562
19.095
18.899
18.779
18.518
18.365
18.276
18.067
17.953
17.676
17.365
17.096
16.882
16.605
16.413
19.629
18.55
24.888
24.854
24.825
24.868
24.815
24.638
24.571
24.553
24.597
24.617
24.506
24.48
24.461
24.478
24.374
24.306
24.236
24.23
24.167
24.113
24.154
24.037
24.059
23.986
23.87
23.854
23.784
23.945
23.854
23.922
23.623
23.671
23.667
23.517
23.498
23.524
23.653
23.507
23.505
23.549
23.382
23.271
23.416
23.184
23.214
23.194
23.239
23.148
23.175
23.138
23.142
23.07
23.025
22.95
22.714
22.875
22.919
22.662
22.833
22.618
22.596
22.479
22.434
22.396
22.473
22.347
22.214
22.203
22.295
22.126
22.143
22.006
21.752
21.692
21.747
21.766
21.414
21.372
21.23
21.297
21.059
21.214
21.078
21.096
21.02
21.09
21.074
20.803
20.879
20.74
20.792
20.623
20.412
20.359
20.492
20.339
20.322
20.225
20.212
20.033
20.064
19.967
20.025
19.792
19.792
19.875
19.518
19.516
19.334
19.362
19.064
18.967
18.873
18.868
18.589
18.14
17.986
18.013
17.764
17.566
17.246
17.192
17.008
16.911
16.696
16.608
16.597
16.114
24.472
23.737
23.478
22.424
22.178
22.067
21.902
21.587
21.271
21.213
20.873
20.742
20.514
20.459
20.305
20.056
19.85
19.659
19.465
19.35
19.061
19.061
18.691
18.067
17.993
16.969
16.333
16.209
24.946
24.955
24.971
24.821
24.865
24.928
24.899
24.885
24.896
24.906
24.748
24.827
24.712
24.664
24.663
24.588
24.582
24.457
24.303
24.391
24.189
24.261
24.298
24.254
24.215
24.063
24.118
24.093
23.911
23.962
23.873
23.828
23.84
23.846
23.8
23.604
23.613
23.619
23.616
23.558
23.432
23.525
23.298
23.435
23.437
23.23
23.421
23.258
23.277
23.159
23.159
23.159
22.965
23.149
23.111
22.935
22.956
22.952
22.798
22.893
22.81
22.693
22.653
22.666
22.543
22.525
22.573
22.463
22.539
22.532
22.405
22.35
22.299
22.169
22.226
22.029
22.012
21.919
21.829
21.721
21.728
21.782
21.763
21.739
21.529
21.535
21.478
21.325
21.378
21.322
21.362
21.329
21.233
21.296
21.201
21.088
21.106
21.042
20.903
20.814
20.831
20.667
20.673
20.691
20.307
20.289
20.287
20.246
20.078
19.89
19.105
18.955
18.848
18.661
18.688
18.02
17.778
17.746
17.475
17.041
16.76
17.099
16.601
16.436
16.453
23.74
23.685
23.58
22.771
22.479
21.926
21.904
21.43
21.209
21.047
20.801
20.583
20.41
20.353
20.083
19.612
19.383
19.232
18.788
18.535
18.43
18.202
18.06
17.557
17.115
16.831
16.687
16.337
16.262
20.476
24.997
24.962
24.862
24.822
24.831
24.825
24.645
24.815
24.738
24.555
24.538
24.58
24.488
24.474
24.402
24.486
24.453
24.313
24.276
24.413
24.372
24.4
24.246
24.247
24.066
24.123
24.133
24.123
23.901
23.971
23.91
23.861
23.958
23.807
23.818
23.769
23.709
23.704
23.577
23.652
23.479
23.555
23.451
23.441
23.464
23.41
23.328
23.38
23.174
23.276
23.087
23.05
22.997
23.141
23.03
22.952
22.923
22.841
22.794
22.798
22.776
22.822
22.842
22.72
22.717
22.623
22.503
22.614
22.55
22.655
22.554
22.426
22.504
22.468
22.519
22.35
22.227
22.138
22.225
21.965
21.983
21.879
21.911
21.769
21.788
21.793
21.663
21.687
21.572
21.653
21.552
21.452
21.325
21.341
21.112
21.147
21.024
20.902
20.884
20.622
20.741
20.622
20.582
20.307
20.054
20.029
19.767
19.615
19.476
19.34
19.515
19.26
19.182
19.108
19.052
17.594
17.11
17.079
17.076
16.587
16.546
16.295
24.273
23.137
22.168
22.035
21.878
21.71
21.544
21.354
21.139
21.073
20.922
20.767
20.45
20.31
20.068
20.034
19.822
19.413
19.23
18.47
18.326
17.387
17.15
16.922
16.73
16.466
16.295
23.996
20.211
19.555
17.223
24.967
24.894
24.778
24.722
24.762
24.746
24.604
24.505
24.504
24.361
24.276
24.306
24.193
24.224
23.999
24.126
24.135
23.946
23.913
23.899
23.783
23.735
23.621
23.711
23.678
23.548
23.68
23.62
23.407
23.336
23.278
23.135
22.887
22.807
22.78
22.874
22.657
22.791
22.472
22.402
22.444
22.444
22.262
22.344
22.204
22.249
22.259
22.107
22.183
22.199
22.001
21.936
21.993
21.848
21.699
21.543
21.537
21.45
21.374
21.489
21.303
21.307
21.21
21.069
20.994
21.008
20.984
20.953
20.876
21.025
20.797
20.777
20.785
20.436
20.428
20.207
20.054
19.729
19.703
19.606
19.594
19.316
19.12
19.278
19.072
18.556
18.629
18.356
18.423
18.238
17.872
17.538
17.342
17.244
16.851
16.829
16.624
16.455
16.226
24.498
23.911
23.484
22.436
22.271
21.954
21.699
21.62
21.273
21.158
20.919
20.725
20.519
20.427
20.233
19.978
19.904
19.597
19.044
18.811
17.801
17.514
17.161
16.893
16.668
16.252
24.128
23.115
20.508
24.994
24.873
24.823
24.772
24.684
24.815
24.698
24.702
24.646
24.475
24.519
24.506
24.377
24.36
24.273
24.342
24.076
24.051
24.037
24.01
23.928
24.012
23.909
23.85
23.925
23.843
23.682
23.703
23.657
23.61
23.575
23.566
23.315
23.379
23.17
23.208
23.023
23.101
23.013
22.911
22.932
22.961
22.701
22.836
22.883
22.694
22.788
22.629
22.554
22.656
22.48
22.55
22.544
22.486
22.524
22.374
22.304
22.102
22.126
21.9
22.044
21.8
21.587
21.718
21.677
21.58
21.618
21.473
21.284
21.425
21.245
21.09
21.044
20.985
21.142
21.009
21.008
20.742
20.658
20.489
20.372
20.304
20.106
19.943
19.906
19.644
19.738
19.331
19.332
19.117
18.846
18.689
18.678
18.16
18.095
17.756
17.661
17.4
17.169
16.987
17.056
16.917
17.068
16.53
16.902
16.322
16.786
16.036
16.013
22.221
23.9
24.604
24.469
23.734
22.316
22.04
22.036
21.83
21.558
21.365
21.19
21.083
20.922
20.658
20.408
20.29
20.091
19.872
19.775
19.603
19.121
18.389
17.926
17.536
17.359
17.234
16.962
16.775
16.483
16.175
19.838
19.283
24.961
24.718
24.713
24.659
24.613
24.689
24.733
24.473
24.468
24.528
24.394
24.498
24.31
24.189
24.054
23.996
23.992
23.937
23.804
23.751
23.876
23.758
23.697
23.717
23.65
23.574
23.558
23.532
23.375
23.468
23.53
23.48
23.37
23.236
23.294
23.19
23.128
23.086
22.955
22.945
22.951
22.993
22.762
22.747
22.681
22.666
22.637
22.562
22.479
22.549
22.377
22.24
22.141
22.158
22.172
22.156
22.036
22.1
21.926
21.771
21.772
21.67
21.609
21.345
21.481
21.511
21.412
21.38
21.184
21.273
21.124
20.862
20.911
20.914
20.943
20.759
20.455
20.15
19.985
20.088
19.627
19.72
19.747
19.545
19.402
19.068
18.91
18.577
18.404
18.299
18.248
18.012
18.054
18.125
17.993
17.761
17.68
16.485
16.172
23.188
23.05
22.812
22.095
21.886
21.622
21.442
21.237
21.06
20.946
20.59
20.6
20.465
20.359
20.177
19.913
19.795
18.613
18.018
17.904
17.841
17.492
17.362
17.127
16.889
16.709
16.188
24.991
24.926
24.902
24.836
24.709
24.741
24.633
24.612
24.64
24.554
24.405
24.409
24.378
24.335
24.212
24.334
24.149
24.188
24.096
24.069
23.997
23.917
23.869
23.976
23.706
23.78
23.691
23.621
23.684
23.646
23.477
23.474
23.49
23.443
23.26
23.061
23.032
23.127
23.019
23.083
22.824
22.827
22.745
22.678
22.65
22.571
22.589
22.553
22.515
22.419
22.299
22.286
22.078
21.975
22.105
21.979
21.787
21.82
21.872
21.751
21.879
21.777
21.739
21.576
21.485
21.397
21.365
21.227
21.28
21.248
21.139
20.782
20.742
20.626
20.567
20.539
20.239
20.153
20.118
20.107
19.766
19.498
19.49
19.367
19.259
18.275
17.672
17.756
17.077
17.087
24.584
24.134
23.679
22.889
22.668
22.425
22.19
21.88
21.691
21.565
21.31
21.166
21.171
21.039
20.728
20.549
20.373
20.266
20.019
19.711
19.682
19.299
19.094
18.894
17.763
17.701
17.247
17.098
16.9
16.706
19.987
24.908
24.791
24.68
24.666
24.71
24.663
24.552
24.542
24.495
24.54
24.339
24.358
24.441
24.398
24.301
24.172
24.384
24.224
24.232
24.13
24.11
24.064
24.038
23.969
24.012
23.693
23.854
23.621
23.637
23.534
23.551
23.667
23.394
23.437
23.437
23.449
23.386
23.308
23.331
23.094
23.122
23.125
23.006
22.987
23.023
22.913
22.843
22.808
22.841
22.774
22.58
22.619
22.464
22.547
22.32
22.307
22.353
22.164
22.079
22.204
22.062
21.924
21.672
21.677
21.787
21.629
21.749
21.609
21.58
21.504
21.538
21.465
21.037
21.082
20.747
20.661
20.557
20.412
20.408
20.224
19.894
19.763
19.865
19.727
19.62
19.343
18.681
18.162
18.023
17.39
17.203
16.954
16.116
16.232
23.681
23.051
22.628
22.343
22.406
22.233
21.937
21.856
21.543
21.406
21.253
20.912
20.716
20.633
20.346
20.223
19.966
19.762
19.612
19.587
19.338
19.144
19.129
18.744
18.47
18.246
18.125
17.79
17.673
17.317
16.968
16.846
16.477
16.216
24.933
24.982
24.798
24.833
24.738
24.717
24.744
24.706
24.752
24.438
24.291
24.129
24.221
24.154
24.025
24.063
23.889
23.871
23.741
23.704
23.697
23.542
23.509
23.533
23.197
23.317
23.188
23.151
23.046
22.915
23.021
22.893
22.789
22.791
22.563
22.606
22.366
22.309
22.401
22.415
22.339
22.308
22.084
22.044
21.812
21.692
21.74
21.41
21.395
21.445
21.333
21.154
21.109
20.754
20.524
20.383
20.264
20.169
20.206
19.91
19.261
18.953
18.544
18.36
18.335
18.218
17.764
18.004
17.729
16.719
16.785
16.798
16.508
16.552
23.634
23.448
22.988
22.946
22.711
22.668
22.349
22.012
21.849
21.668
21.528
21.118
20.922
20.904
20.744
20.579
20.343
20.064
19.879
19.593
19.382
19.138
19.043
18.684
18.161
18.132
17.873
17.787
17.521
17.31
17.113
16.77
16.241
24.953
24.877
24.935
24.903
24.849
24.76
24.752
24.682
24.568
24.627
24.466
24.527
24.526
24.437
24.298
24.293
24.329
24.141
23.997
23.982
23.967
23.904
23.88
23.843
23.678
23.629
23.589
23.615
23.592
23.539
23.457
23.324
23.331
23.311
23.308
23.112
23.031
22.778
22.959
22.925
22.875
22.697
22.819
22.732
22.738
22.661
22.547
22.467
22.463
22.44
22.329
22.32
22.245
22.124
22.12
21.749
21.74
21.631
21.689
21.619
21.489
21.013
21.039
20.652
20.609
20.577
20.005
20.054
19.878
19.572
19.308
18.697
18.629
18.589
18.437
18.107
17.554
16.695
16.546
16.625
16.432
16.219
16.398
23.821
23.327
22.595
22.46
22.213
22.09
21.822
21.652
21.449
21.246
21.144
21.068
20.965
20.651
20.527
20.422
20.052
19.979
19.81
19.46
19.061
18.457
18.13
18.022
17.688
17.502
17.074
16.905
16.716
16.568
16.373
16.164
17.898
24.922
24.766
24.622
24.582
24.516
24.497
24.372
24.263
24.153
24.131
23.978
24.021
23.933
23.891
23.834
23.869
23.776
23.694
23.741
23.634
23.277
23.469
23.353
23.373
23.41
23.206
23.041
22.885
22.87
22.9
22.695
22.773
22.631
22.393
22.215
22.234
22.163
22.066
21.905
21.788
21.672
21.559
21.463
21.424
20.769
20.309
20.317
20.172
19.659
19.413
19.174
19.076
17.428
17.52
17.108
17.031
16.806
16.603
16.457
24.144
23.887
23.416
22.504
22.261
22.212
21.933
21.702
21.515
21.371
21.105
20.941
20.915
20.74
20.56
20.411
20.214
20.036
19.833
19.657
19.461
19.243
19.113
18.955
18.715
18.734
18.461
18.177
17.96
17.701
17.122
17.002
16.449
16.348
22.853
17.404
24.973
24.949
24.797
24.655
24.464
24.313
24.127
24.002
24.022
23.985
23.952
23.642
23.33
23.429
23.244
23.322
23.27
23.076
22.839
22.706
22.799
22.617
22.448
22.508
22.161
22.223
22.162
22.124
21.843
21.869
21.717
21.658
21.46
21.499
21.454
21.322
21.35
21.346
20.984
20.795
20.752
20.719
20.272
20.126
20.017
19.788
19.508
18.851
18.765
18.799
18.328
18.0
17.919
17.124
16.436
16.568
16.086
22.163
24.657
23.663
23.357
23.1
22.865
22.69
22.207
21.922
21.861
21.55
21.422
21.181
20.91
20.711
20.532
20.45
20.351
20.088
19.838
19.5
18.803
18.613
18.218
17.883
17.731
17.467
17.235
16.926
16.796
16.527
19.857
24.819
24.566
24.569
24.509
24.385
24.411
24.471
24.26
24.173
24.302
24.162
23.873
23.995
23.887
23.618
23.728
23.541
23.624
23.421
23.438
23.373
23.285
23.198
22.987
22.844
22.753
22.627
22.606
22.726
22.541
22.511
22.398
22.427
22.255
22.3
22.095
21.979
22.019
21.923
21.877
21.74
21.547
21.022
20.636
20.702
20.273
20.046
19.67
19.212
18.949
19.032
18.978
17.821
17.885
17.261
17.056
16.903
16.792
17.011
16.494
23.433
23.167
22.437
22.207
21.767
21.547
21.439
21.269
21.308
21.026
20.763
20.657
20.407
20.186
19.939
19.775
19.454
18.659
17.943
17.783
17.581
17.286
17.077
16.743
24.919
24.753
24.623
24.637
24.534
24.545
24.616
24.39
24.363
24.297
24.293
24.195
24.209
24.12
23.889
23.574
23.541
23.465
23.389
23.398
23.215
23.011
22.847
22.778
22.586
22.175
22.056
22.074
22.109
21.846
21.955
21.773
21.683
21.728
21.476
21.266
21.122
20.523
20.252
19.936
19.829
19.821
19.617
19.002
18.484
18.241
16.659
16.796
24.226
22.501
22.232
22.08
21.801
21.605
21.548
21.245
21.029
20.95
20.805
20.321
20.189
19.696
19.322
18.536
18.024
17.617
17.344
17.315
16.835
16.483
16.396
16.048
21.816
24.994
24.963
24.865
24.722
24.604
24.401
24.194
24.308
23.986
23.995
23.797
23.812
23.591
23.538
23.51
23.467
23.273
23.154
23.077
22.851
23.014
22.839
22.428
22.507
22.444
22.216
22.275
22.056
21.886
21.9
21.585
21.608
21.435
21.275
21.23
21.225
20.537
20.302
20.092
20.152
19.831
18.754
17.882
17.494
17.008
16.155
22.601
22.496
22.257
21.99
21.969
21.697
21.55
21.375
21.226
21.035
20.671
20.561
20.418
20.109
19.914
19.622
18.66
18.577
18.296
18.235
17.566
17.473
17.29
17.185
16.611
16.203
24.864
24.686
24.649
24.599
24.338
24.276
24.244
24.187
23.755
23.559
23.723
23.58
23.533
23.308
22.889
22.7
22.512
22.486
22.532
22.159
22.137
22.081
21.888
21.8
21.801
21.666
21.514
21.44
21.259
21.338
21.343
21.073
21.179
20.981
21.052
21.004
20.192
19.948
19.803
19.691
19.715
19.669
19.667
19.448
18.42
18.325
18.057
17.557
16.839
16.219
24.987
24.243
23.548
23.108
22.884
22.766
22.212
21.988
21.86
21.637
21.46
21.213
20.915
20.834
20.401
20.234
19.751
19.165
18.794
18.542
18.054
17.665
17.556
17.375
16.29
24.168
21.521
24.958
24.823
24.759
24.504
24.604
24.373
24.241
24.261
24.175
23.915
23.648
23.654
23.674
23.501
23.509
23.496
23.236
23.135
23.018
23.128
22.995
22.931
22.685
22.583
22.497
22.494
22.263
21.378
20.358
19.979
19.883
18.42
18.061
17.749
16.715
16.289
24.24
23.794
23.553
23.176
23.043
22.957
22.546
22.184
21.992
21.84
21.52
21.407
21.259
21.116
20.743
20.608
20.444
20.373
19.899
19.564
19.295
19.033
18.874
18.541
18.198
18.164
17.624
17.573
17.428
17.127
16.997
16.712
20.28
19.162
18.165
17.442
24.865
24.863
24.985
24.582
24.713
24.49
24.518
24.377
24.292
24.088
23.991
24.001
23.765
23.444
23.607
23.606
23.306
23.343
23.143
23.069
22.883
22.77
22.418
22.398
22.204
22.248
22.269
21.929
21.9
21.083
19.865
16.817
16.405
16.663
16.067
24.297
23.691
23.259
22.929
22.769
22.465
22.424
22.085
21.916
21.856
21.704
21.425
21.319
21.095
20.86
20.731
20.498
20.261
20.007
19.708
19.584
18.918
18.813
18.427
18.341
18.138
17.973
17.814
17.383
16.594
16.455
16.362
19.827
24.925
24.835
24.671
24.732
24.418
24.495
24.378
24.172
23.759
23.567
23.489
23.278
23.14
23.252
23.108
23.004
22.826
22.709
22.329
21.785
21.629
21.537
21.418
21.144
21.158
21.076
20.819
20.446
20.324
19.05
18.807
18.683
17.572
16.525
16.014
16.265
24.329
23.908
23.507
23.3
23.261
22.973
22.823
22.524
22.404
22.088
21.918
21.641
21.448
21.301
21.109
20.873
20.68
20.16
19.958
19.854
19.604
19.262
18.95
18.623
18.174
17.981
17.9
17.537
17.101
16.662
16.417
16.274
16.05
24.904
24.615
24.277
24.179
24.096
24.007
23.709
23.457
23.417
23.221
23.08
23.138
23.057
23.158
22.911
22.929
22.872
21.953
21.236
20.908
19.996
19.591
19.183
18.639
17.545
16.281
23.265
23.02
22.657
22.242
22.115
21.852
21.772
21.513
21.373
21.114
21.004
20.877
20.512
20.237
19.575
19.45
19.341
19.165
18.963
18.631
18.495
18.098
17.758
17.407
17.249
17.002
16.465
16.259
24.919
24.436
24.555
24.4
24.217
24.131
23.884
23.907
23.79
23.557
23.372
23.344
23.217
22.806
22.566
22.001
20.605
20.317
19.976
19.85
18.23
18.203
17.234
16.464
16.521
24.809
24.397
23.363
22.815
22.637
22.327
22.129
22.059
21.797
21.647
21.403
20.976
20.815
20.71
20.461
20.315
19.675
19.159
18.614
18.406
18.263
17.866
17.634
17.529
17.369
17.08
16.823
16.586
16.354
20.898
18.917
16.615
24.973
24.776
24.551
24.517
24.532
24.308
24.255
23.831
23.901
23.46
23.422
23.511
23.383
23.026
22.961
22.696
22.579
22.471
22.37
22.36
22.06
21.904
21.356
21.192
20.786
19.768
23.546
23.106
22.929
22.494
22.413
22.23
22.047
21.759
21.622
21.424
21.274
20.962
20.684
20.313
19.75
19.06
18.64
17.905
17.67
17.194
17.027
16.854
16.717
16.402
21.861
21.63
24.91
24.708
24.664
24.58
24.391
24.293
23.891
23.958
23.688
23.328
23.036
22.796
22.638
22.507
21.899
20.405
20.339
19.651
18.427
17.41
17.212
23.133
23.041
22.714
22.398
22.254
22.067
21.751
21.577
21.511
21.25
21.077
20.81
20.777
20.572
20.296
20.253
20.072
19.688
18.964
18.594
18.163
17.456
17.237
16.862
16.621
23.102
17.786
17.613
24.877
24.73
24.879
24.624
24.313
24.402
24.369
24.289
24.008
23.797
23.829
23.652
23.372
23.222
23.041
22.705
22.529
22.35
22.216
22.201
21.64
21.446
21.214
19.924
19.675
19.478
18.193
17.811
24.961
24.946
24.619
24.435
22.892
22.71
22.49
22.269
22.062
21.92
21.616
21.574
21.377
21.081
20.948
20.687
20.559
20.138
19.898
19.675
19.318
18.769
18.49
18.476
18.01
17.523
16.887
16.462
16.167
20.34
17.857
24.984
24.572
24.675
24.519
24.428
24.443
24.317
24.115
24.075
23.882
23.688
23.505
23.256
22.9
22.823
22.682
22.564
22.469
22.442
22.344
22.323
21.834
21.537
20.748
20.425
20.112
19.307
18.915
17.642
24.333
23.249
23.046
22.89
22.526
22.403
22.055
21.924
21.787
21.627
21.45
21.263
20.922
20.736
20.7
20.447
20.306
19.876
19.873
19.232
18.902
18.781
18.299
18.133
17.638
17.299
17.223
17.034
24.676
21.404
20.01
18.71
24.759
24.346
24.066
23.914
23.722
22.173
21.672
21.325
20.009
18.574
18.15
18.269
24.799
23.897
23.309
22.528
22.029
21.968
21.651
21.524
21.442
21.114
20.764
20.25
20.163
19.897
19.225
18.726
18.263
18.018
17.95
17.498
17.296
17.065
16.977
17.716
24.811
24.498
24.211
23.117
22.877
22.254
21.474
19.732
17.916
17.334
16.306
24.946
24.31
24.016
23.318
23.118
22.773
22.453
22.194
22.075
21.682
21.565
21.348
21.188
20.782
20.058
19.837
19.55
18.765
18.702
18.53
18.154
17.715
17.107
16.929
16.903
16.283
21.564
24.846
24.303
24.063
23.834
23.714
23.502
23.251
21.64
19.924
24.287
24.155
23.866
23.765
23.545
23.021
22.506
22.406
22.181
22.055
21.793
21.703
21.199
20.637
20.297
20.112
18.415
18.169
17.848
17.49
17.24
16.787
20.091
16.746
24.908
24.641
23.939
23.488
19.733
19.466
18.857
18.165
16.915
24.716
24.116
23.193
22.464
22.286
21.986
21.917
21.697
21.512
21.299
21.021
20.975
20.765
20.535
20.461
20.112
19.473
19.506
19.16
18.898
18.827
18.572
18.139
17.268
17.003
16.893
16.634
16.356
16.177
21.58
24.839
24.715
24.061
23.818
23.701
22.619
19.783
18.135
16.755
24.919
23.471
23.19
22.788
22.544
22.297
22.022
21.831
21.786
21.538
21.436
21.156
20.93
20.67
20.428
20.372
19.76
19.575
19.459
18.592
18.413
17.589
17.222
17.176
16.556
24.755
23.073
24.594
24.62
24.189
23.962
24.0
23.786
23.532
22.754
21.957
20.566
20.61
20.273
24.621
24.039
23.784
23.153
22.834
22.76
22.5
22.196
22.206
21.132
21.062
20.661
19.98
19.903
19.655
19.368
19.125
18.891
18.601
18.098
16.316
23.894
17.102
16.876
16.619
24.983
24.552
24.639
24.132
23.48
23.192
22.759
22.572
22.553
22.082
22.086
21.454
24.538
24.364
24.182
23.908
23.56
22.816
22.798
22.405
22.25
21.808
21.55
21.388
21.181
20.515
20.19
20.051
19.563
19.512
19.187
19.059
18.767
18.468
18.332
18.18
17.587
16.723
16.3
21.014
19.934
24.711
24.347
23.546
22.976
22.778
21.597
24.574
23.627
22.85
22.468
22.294
22.107
21.981
21.748
21.613
21.349
21.253
21.05
21.002
20.634
20.487
18.802
18.302
18.013
17.677
17.657
19.901
16.789
24.963
24.747
24.419
23.495
23.121
22.517
22.451
19.345
24.482
24.311
23.768
22.909
22.399
22.205
22.104
21.763
21.631
21.501
21.081
20.712
20.489
20.131
19.993
19.452
19.02
18.931
18.742
18.32
17.891
17.901
17.405
17.152
17.135
16.902
24.674
23.358
21.623
19.214
16.948
23.772
24.642
24.318
23.513
22.926
22.413
22.356
22.097
21.959
21.709
21.503
21.238
20.991
20.752
20.456
18.637
18.399
17.795
17.63
17.203
16.743
23.937
23.753
20.96
20.053
24.627
24.746
23.733
22.724
24.891
24.629
24.014
23.854
23.277
22.874
22.639
22.43
22.281
22.14
22.0
21.648
21.3
21.094
20.79
20.578
20.399
20.062
19.876
19.474
19.193
18.906
18.677
18.537
18.329
17.987
17.398
17.014
16.351
23.452
22.933
22.783
24.493
24.375
23.569
23.315
21.133
17.207
16.94
24.701
23.718
23.313
23.027
22.856
22.617
22.566
22.237
22.178
22.027
21.816
21.279
21.149
20.838
19.939
18.862
18.214
17.628
21.475
17.083
24.498
21.807
21.855
17.778
24.72
23.611
22.958
22.499
22.298
21.816
21.563
21.332
21.303
21.128
20.962
20.768
20.576
18.794
17.846
16.619
24.955
24.583
24.212
23.197
22.737
20.027
17.704
16.715
24.894
24.474
22.635
22.417
22.262
21.983
21.358
21.181
21.144
20.155
18.353
18.051
16.968
16.662
24.964
22.353
24.311
22.685
21.133
24.918
24.39
24.111
23.515
23.345
23.279
22.954
22.741
22.395
22.02
21.797
21.015
20.83
20.492
19.712
19.299
18.573
17.939
16.436
23.759
22.868
21.644
24.963
24.343
23.207
22.958
22.541
22.366
21.983
21.352
20.932
20.821
20.275
20.148
19.994
17.552
17.361
17.194
16.599
22.07
21.328
24.379
23.765
22.999
22.832
22.57
22.374
21.705
21.416
21.044
20.746
20.673
20.522
19.96
19.272
18.354
18.248
18.984
24.356
23.773
23.103
22.68
19.621
24.326
23.405
22.661
22.196
21.832
21.632
20.863
20.373
18.987
18.519
18.168
17.907
17.743
16.832
21.026
20.062
23.442
18.966
24.478
23.919
22.979
22.977
22.797
22.263
22.179
21.969
21.809
20.739
19.697
19.506
19.328
19.11
18.365
16.928
20.481
23.149
16.824
24.15
23.589
23.245
23.169
22.912
22.774
22.524
22.401
22.24
21.92
21.699
20.827
20.598
20.448
19.627
19.377
18.949
18.678
18.069
22.761
24.093
24.221
23.892
23.589
23.355
23.044
22.682
22.643
22.292
22.148
21.941
21.923
21.241
20.644
20.245
19.818
19.529
19.017
18.798
18.685
18.583
18.011
17.16
21.581
24.641
21.94
20.255
24.324
23.828
23.702
23.592
23.13
22.956
22.462
22.144
21.612
21.047
20.575
20.532
20.031
19.613
19.441
19.183
18.803
17.791
17.529
17.022
16.934
22.668
22.268
22.011
20.603
22.612
17.39
24.036
23.956
23.825
22.93
22.768
22.742
22.195
22.007
21.438
20.831
20.544
20.047
18.771
18.439
20.98
18.407
24.098
23.4
23.006
22.588
22.26
22.172
21.615
21.142
20.298
19.917
19.585
18.956
16.474
22.642
19.159
19.057
18.872
24.941
23.915
22.92
22.534
22.398
21.942
21.456
20.975
20.452
19.507
19.154
18.831
18.14
21.839
21.572
18.203
19.938
24.224
23.533
23.292
23.086
22.836
22.401
22.344
22.207
21.805
19.369
18.915
18.564
18.235
17.533
23.46
21.884
21.604
19.832
24.767
24.853
23.285
22.481
23.939
23.572
23.318
22.926
21.647
21.439
20.053
19.798
18.722
17.487
16.926
24.003
22.019
20.747
20.314
23.105
22.963
22.743
22.509
22.322
21.946
18.839
18.661
18.085
23.987
22.252
20.613
18.827
23.957
23.448
23.264
22.724
22.321
22.171
21.011
19.336
17.937
17.637
22.09
17.898
24.889
24.071
23.475
23.402
22.5
21.439
21.275
21.083
20.818
20.088
19.094
18.831
16.812
23.516
21.188
23.146
22.66
21.899
21.647
21.162
20.869
20.727
20.604
20.321
24.443
24.469
23.204
22.03
24.496
24.554
24.207
23.967
23.705
22.958
22.374
22.123
21.27
21.131
20.535
19.832
19.163
18.714
17.219
22.499
21.697
23.92
23.813
23.48
22.938
22.515
22.257
21.693
21.321
20.928
20.745
19.009
18.194
17.855
16.364
22.444
23.166
24.312
23.723
23.493
22.843
22.771
22.223
22.065
21.534
21.472
21.149
20.836
20.295
20.002
20.005
19.268
18.837
18.332
17.549
16.812
22.543
16.03
23.784
23.517
23.217
22.99
22.686
22.51
22.235
21.678
21.261
20.511
20.173
17.899
22.112
17.919
23.643
22.772
22.356
22.187
21.266
21.006
19.909
19.204
19.011
16.69
24.818
24.78
21.855
21.646
23.894
23.847
23.277
23.209
22.505
21.987
21.763
21.065
20.463
19.504
18.974
23.3
20.273
24.142
23.652
22.763
22.712
21.563
19.203
17.674
22.755
21.594
20.348
18.954
24.093
23.927
23.255
23.076
22.751
22.551
22.287
21.771
21.495
21.086
18.514
17.506
22.81
21.441
20.19
24.594
24.745
24.565
23.936
23.712
23.109
22.619
22.093
21.712
21.13
20.924
19.386
19.069
18.055
16.87
23.753
21.545
19.74
19.469
16.034
24.186
23.203
22.253
22.042
20.261
19.455
19.426
19.283
17.966
22.556
20.985
24.999
23.754
22.655
21.173
17.271
23.639
23.039
22.831
24.952
24.017
23.678
22.675
22.09
19.504
18.746
22.385
22.103
24.831
23.361
23.078
22.855
22.678
22.287
22.027
21.799
21.129
21.035
20.495
20.151
19.874
19.516
18.256
17.409
16.891
24.934
23.552
23.445
22.9
22.621
22.43
21.135
19.654
19.108
18.047
24.595
24.094
23.895
23.665
23.563
23.015
22.712
22.486
22.344
22.24
21.881
21.498
20.58
19.651
17.679
21.282
23.91
22.527
22.274
19.99
19.402
19.166
18.783
23.516
23.109
22.973
22.727
18.823
24.513
24.093
23.61
23.382
22.665
22.449
19.289
18.6
18.435
22.282
19.146
24.377
24.162
23.67
23.438
22.612
19.411
16.567
23.35
22.532
21.992
19.963
18.507
23.756
23.435
22.937
22.306
21.835
24.748
23.718
23.131
22.772
22.251
19.457
23.663
22.721
22.532
22.278
24.043
22.736
21.197
20.846
20.492
22.3
21.739
19.656
17.276
24.738
24.577
24.463
23.956
23.656
22.798
22.09
21.773
20.248
19.126
18.854
17.816
21.837
24.772
23.716
22.668
21.111
20.413
17.596
24.071
23.582
22.902
22.685
22.543
22.27
18.794
24.304
23.704
22.687
22.623
22.326
22.077
19.551
18.859
17.904
17.332
23.795
22.575
21.627
19.807
18.109
24.207
22.557
19.902
23.757
21.724
19.803
22.946
22.433
22.083
21.438
18.884
24.377
23.673
22.827
21.141
19.055
18.789
24.315
24.085
23.73
23.189
22.677
22.098
24.609
23.512
23.382
23.269
21.844
21.257
20.763
20.025
24.253
24.081
23.545
23.369
21.943
17.354
23.926
23.035
19.759
24.992
24.558
23.745
23.742
23.431
22.67
22.275
19.823
19.269
17.926
24.409
23.946
24.09
23.117
17.248
23.147
22.104
21.908
23.553
19.295
18.595
16.463
22.919
18.92
22.86
21.148
20.191
19.376
17.958
22.511
21.098
18.385
24.207
22.208
19.756
18.819
18.521
22.85
21.56
19.113
24.17
23.696
22.304
19.466
18.857
23.277
22.193
18.298
23.505
23.311
23.258
21.43
19.633
24.634
23.007
20.332
21.606
21.052
19.108
24.021
23.565
21.771
20.252
19.971
17.801
22.824
21.293
21.066
23.584
22.767
21.463
20.407
19.967
24.506
21.405
16.437
24.194
22.609
22.429
21.218
24.388
22.516
22.191
21.192
20.726
19.585
23.524
23.173
22.167
20.577
19.437
24.052
23.599
19.224
24.593
19.154
23.993
23.159
22.578
22.476
19.559
23.645
23.522
23.048
23.727
23.301
22.33
22.169
22.134
22.097
24.881
22.584
22.072
21.763
20.961
19.973
19.879
23.715
23.241
22.986
22.725
22.399
19.318
23.835
23.734
22.745
23.382
23.233
23.207
20.717
20.399
20.112
19.66
24.823
18.674
23.237
22.495
21.804
20.889
20.007
18.724
24.562
22.088
21.226
18.186
24.238
23.196
24.478
23.775
23.382
23.027
21.975
21.657
23.433
23.215
22.762
22.518
18.472
24.395
23.72
22.264
24.672
22.595
22.243
21.252
17.347
24.02
24.942
20.964
23.397
22.461
19.556
24.167
20.831
24.888
23.879
23.995
23.405
18.386
17.668
23.905
20.291
18.568
16.286
22.571
22.269
21.914
18.063
22.871
19.981
24.082
23.651
23.141
22.878
21.5
19.038
18.197
24.154
22.188
18.196
23.216
21.757
22.733
20.864
23.559
22.264
21.891
21.363
22.864
22.173
23.822
22.489
21.55
22.647
21.555
21.124
18.606
24.378
19.7
23.069
22.376
21.494
19.736
19.11
18.266
23.014
23.544
20.265
23.446
21.372
19.566
23.311
19.343
23.222
23.891
22.761
22.524
20.44
19.195
18.016
24.954
21.991
21.638
20.618
19.107
23.303
22.594
22.514
22.025
19.827
24.596
22.337
23.495
23.317
16.573
24.165
19.902
23.728
23.088
22.238
24.045
21.982
24.97
23.708
23.449
22.325
18.416
22.876
24.515
21.231
22.865
19.25
24.508
24.107
24.501
22.382
20.624
20.319
19.254
23.696
19.207
18.957
22.557
22.02
24.986
24.314
23.993
23.276
22.499
23.588
23.825
23.627
21.721
23.316
20.925
23.089
19.06
23.138
22.876
20.052
18.449
21.432
18.195
24.66
22.819
20.496
23.215
23.335
22.324
21.575
20.616
24.902
24.109
23.052
22.369
20.178
19.855
17.632
23.71
23.404
22.303
23.739
23.311
22.627
22.34
21.093
18.496
20.82
23.824
22.338
22.322
21.188
19.092
21.969
20.507
24.305
19.962
24.405
23.332
21.828
21.223
23.451
21.514
16.433
22.863
22.399
21.129
18.365
24.741
23.211
21.759
20.981
19.93
16.902
23.396
22.406
24.279
21.64
21.421
20.68
22.898
20.811
20.429
18.791
19.625
21.723
21.468
20.197
21.34
24.65
24.41
23.192
22.336
21.476
16.381
24.456
23.544
23.507
23.093
20.429
24.982
23.901
23.342
23.032
19.895
20.697
24.921
23.918
23.897
23.683
23.562
23.006
19.118
24.862
24.487
23.936
22.855
19.312
24.031
19.527
24.529
22.775
22.076
21.67
21.006
19.106
24.884
24.328
24.095
23.529
22.992
22.051
17.175
24.55
22.615
24.714
23.974
23.396
21.593
21.393
20.846
23.411
20.163
23.033
24.139
23.872
23.379
23.107
21.715
21.516
18.426
24.962
24.309
21.35
20.646
17.889
24.152
23.185
22.402
21.616
20.634
19.383
24.131
23.867
23.339
22.795
24.392
24.192
22.144
20.288
24.503
24.089
22.46
22.139
21.109
18.327
24.503
23.464
23.162
22.698
21.315
19.96
19.425
19.229
20.853
20.654
24.166
23.823
23.399
23.234
23.062
22.483
20.162
23.366
23.099
21.653
19.676
24.824
23.755
23.387
23.057
21.483
24.752
24.633
24.119
21.85
21.6
17.99
20.861
24.746
23.921
23.726
23.079
21.156
20.298
24.139
19.875
18.971
18.686
24.127
23.542
22.004
20.619
18.122
24.515
24.038
23.498
21.923
20.134
22.809
23.818
23.534
22.453
21.031
19.331
24.469
24.055
23.028
22.687
20.97
18.62
24.677
24.254
23.319
22.684
21.753
21.318
20.331
23.903
24.067
23.281
22.539
22.23
19.291
23.761
23.502
23.386
21.357
24.301
22.296
21.737
20.319
24.647
23.518
21.864
21.72
21.206
24.041
23.288
20.881
20.697
22.927
24.214
24.039
17.724
21.95
21.652
20.87
24.101
23.987
23.898
22.636
24.668
23.218
21.63
23.613
24.053
22.299
21.395
19.254
19.094
24.783
23.353
21.829
21.388
21.101
20.274
19.675
24.353
23.598
23.268
23.049
22.858
22.272
22.095
22.022
24.94
24.468
24.02
23.484
23.397
23.103
23.026
21.32
24.527
24.406
24.401
19.619
24.85
23.28
24.079
24.858
24.374
24.228
24.089
23.895
21.188
22.136
21.995
21.473
24.356
23.778
23.259
22.764
21.775
21.359
21.177
24.09
24.022
21.807
21.729
19.89
24.997
24.138
23.735
23.68
22.616
20.425
24.941
24.241
23.813
23.531
24.798
24.282
24.219
23.447
24.334
22.664
21.128
24.987
22.415
21.628
21.315
24.391
22.365
22.228
21.728
21.14
20.806
19.675
18.591
24.512
24.278
22.176
20.294
19.816
19.05
23.038
22.416
20.266
23.364
22.415
20.661
23.844
21.972
21.604
21.482
24.988
22.458
20.344
18.921
24.168
23.587
21.772
21.414
19.882
24.852
23.195
22.436
19.668
24.852
24.28
22.267
21.35
20.901
20.479
24.747
23.372
23.258
22.58
21.711
20.319
18.701
24.763
24.278
23.361
23.252
22.148
21.106
24.92
23.966
21.895
20.319
19.587
24.644
20.296
20.248
19.713
24.163
24.065
21.154
21.009
24.803
19.526
24.177
21.937
19.55
24.807
24.63
24.058
22.639
19.755
22.234
24.602
24.495
23.711
22.849
22.359
24.578
21.337
20.809
21.8
21.411
20.108
24.92
23.76
21.648
21.383
19.686
24.33
24.286
22.646
22.379
19.325
24.614
23.153
22.236
21.357
21.048
24.466
24.217
23.873
22.807
21.831
20.731
24.448
23.957
23.242
22.747
21.529
24.734
23.789
19.919
23.654
21.881
24.713
23.138
21.677
24.71
24.467
24.202
23.974
23.781
23.543
24.927
24.527
24.382
22.99
21.525
21.297
20.056
18.501
24.496
24.338
23.551
23.652
23.894
21.516
20.528
20.121
24.57
23.911
21.381
24.992
24.932
24.593
23.431
21.92
24.952
24.637
23.92
23.757
20.627
24.37
22.688
22.285
23.757
21.41
19.599
24.432
24.385
21.383
20.845
24.814
22.156
21.773
24.815
23.03
21.431
19.902
24.967
24.632
24.028
18.484
24.834
23.946
21.322
24.623
21.168
20.581
20.507
18.79
22.678
21.38
23.771
23.234
22.354
21.92
24.705
24.484
24.188
23.688
22.452
21.746
21.518
21.018
24.754
24.482
24.108
23.751
22.816
21.873
21.711
24.852
24.306
23.842
22.231
21.497
21.401
20.188
24.944
24.703
22.306
21.77
24.454
24.178
22.798
24.351
23.986
23.625
22.87
22.706
24.892
24.755
24.15
20.798
20.461
18.885
24.554
22.909
22.78
21.547
24.98
24.274
24.149
23.79
24.462
23.135
21.374
20.662
24.834
24.677
24.223
21.585
24.32
24.045
21.774
24.506
23.613
23.041
23.268
22.479
22.291
23.024
24.441
23.394
24.932
24.126
23.756
23.41
22.713
22.637
22.086
21.368
21.164
20.558
20.377
24.745
24.502
24.155
23.925
23.257
20.289
24.722
24.634
24.34
23.823
23.587
23.198
22.947
22.815
21.626
24.37
23.708
20.207
22.266
21.312
20.584
21.993
24.691
22.393
20.835
24.869
21.805
24.438
21.201
19.953
24.226
21.679
19.209
24.978
24.719
21.506
20.848
20.66
24.861
24.885
24.252
24.104
23.459
23.143
21.54
20.944
24.491
23.755
22.252
21.938
20.54
24.795
24.565
24.407
24.354
22.775
21.15
21.0
24.59
24.157
22.434
22.393
24.422
19.816
23.72
23.494
22.908
21.606
23.799
23.581
22.172
21.54
21.088
20.454
24.807
24.071
23.975
23.281
22.37
21.046
24.965
24.222
23.869
23.393
22.816
21.127
24.877
22.289
21.932
20.048
24.77
24.421
23.881
22.727
22.077
21.633
23.65
24.925
24.647
22.654
21.876
20.433
21.663
24.617
24.027
23.244
22.789
22.33
20.103
24.054
22.698
20.688
23.387
22.85
21.98
21.303
23.399
22.055
21.405
20.011
24.873
24.427
22.56
24.873
24.698
24.681
20.354
24.551
22.572
21.544
24.754
24.56
24.676
24.376
23.815
23.632
20.929
19.884
24.316
20.017
24.73
24.59
24.42
23.799
22.704
21.474
23.273
23.042
22.857
24.897
24.098
23.574
21.279
23.762
22.23
21.184
24.473
21.362
20.624
24.959
24.757
24.252
22.882
22.075
24.805
24.617
24.049
22.443
24.817
24.538
24.311
23.696
20.219
20.69
22.355
24.76
23.188
22.994
24.305
22.303
22.218
19.641
19.455
24.8
24.349
21.227
20.115
24.95
24.095
22.192
20.158
24.636
21.736
21.055
24.882
24.31
21.489
20.9
24.792
24.783
24.156
23.247
22.921
24.468
24.308
23.954
23.39
22.27
21.108
20.305
24.529
23.812
23.097
22.559
22.473
20.599
21.437
24.248
22.646
20.936
20.263
24.936
24.815
23.96
21.281
20.008
24.251
23.07
22.439
21.943
24.559
24.251
23.54
22.571
24.268
23.133
24.961
24.84
21.969
24.994
24.655
23.857
21.735
20.338
24.633
23.41
22.418
21.278
24.506
24.711
23.745
23.121
21.935
24.908
24.048
23.488
22.998
22.555
21.356
24.814
24.615
24.379
23.74
22.209
21.822
24.808
23.787
22.031
23.869
23.196
22.453
21.87
23.536
18.014
24.887
23.95
23.272
22.922
24.877
24.775
24.386
22.852
22.747
22.006
21.039
22.66
22.593
24.659
24.408
24.055
23.012
22.839
22.074
21.692
20.969
24.633
24.526
24.396
22.233
21.731
21.165
20.136
24.064
24.569
23.762
23.396
22.871
23.927
20.38
20.086
24.813
23.945
22.819
22.492
21.446
24.651
24.623
22.07
21.05
24.937
24.635
24.395
23.949
23.788
19.843
18.319
24.638
24.141
23.964
23.389
21.916
20.788
24.614
23.973
23.55
22.786
24.522
22.386
24.965
24.543
23.691
22.981
24.163
23.986
23.58
23.165
22.23
21.702
24.502
23.328
22.379
19.77
24.856
22.19
24.69
23.822
23.336
22.987
22.457
24.472
24.12
22.797
22.639
21.599
24.751
22.623
21.534
20.823
21.611
18.638
24.832
24.476
23.981
23.348
23.135
21.321
21.113
20.346
24.426
24.293
24.076
23.915
20.387
24.828
22.832
24.203
23.366
22.585
21.828
21.474
20.941
24.867
24.716
24.548
24.216
20.213
24.796
24.022
22.236
23.732
22.414
20.09
19.281
22.417
20.785
24.963
23.974
21.83
22.32
21.938
24.97
24.51
24.425
23.961
23.575
21.773
20.993
24.85
24.696
23.928
22.667
22.378
21.233
21.473
20.902
22.528
21.425
18.689
24.97
24.13
22.627
24.043
22.685
24.985
24.195
21.472
20.125
24.206
22.553
19.842
24.881
24.812
24.223
21.708
20.884
24.632
24.338
22.374
22.16
21.427
21.225
21.958
21.708
24.665
23.639
24.767
23.736
22.814
22.096
24.421
24.303
24.002
24.337
24.197
23.403
21.691
21.462
20.685
24.374
23.795
23.328
24.425
24.092
20.532
23.946
22.356
23.275
24.769
23.774
23.37
23.133
22.149
20.811
24.896
22.665
20.965
24.61
22.752
24.847
24.318
23.879
23.143
23.882
22.616
22.318
18.069
23.033
21.894
21.973
22.975
22.863
22.295
24.698
24.264
23.801
24.815
22.772
22.354
22.037
24.688
24.229
22.39
24.566
22.874
21.735
24.773
23.912
20.624
24.819
24.728
24.492
24.298
21.873
23.251
24.843
24.768
24.56
24.925
24.248
23.235
22.447
20.298
24.471
22.24
23.53
22.211
21.936
20.087
21.942
24.563
21.236
22.552
21.393
24.866
24.358
23.82
22.203
22.011
21.292
21.014
20.413
23.918
21.791
20.67
22.437
22.059
21.824
21.164
22.778
24.915
22.426
19.439
23.444
22.849
24.876
24.402
23.584
22.42
21.887
20.634
24.944
24.362
22.068
24.912
24.672
22.9
24.29
22.362
22.055
21.925
21.529
21.409
19.451
23.855
21.584
21.024
20.195
21.313
24.775
24.731
22.25
24.543
23.321
19.453
23.517
20.786
23.821
23.629
20.715
24.41
24.783
24.915
21.762
20.959
24.391
22.33
22.042
21.8
20.951
24.569
23.812
23.059
24.677
23.946
21.998
21.736
21.681
20.912
23.254
24.701
24.042
23.237
22.941
24.889
22.962
21.705
20.483
24.611
23.947
23.764
24.574
23.593
23.204
24.995
23.582
23.417
22.799
24.667
22.56
23.677
22.51
21.504
24.844
24.231
23.675
22.09
21.886
24.126
23.721
24.798
23.538
22.01
24.756
24.161
23.935
22.889
23.219
23.03
22.639
24.701
24.425
23.038
21.113
24.724
24.327
23.602
22.322
21.481
19.251
24.785
24.147
21.971
19.31
24.764
22.887
17.39
22.533
23.886
23.646
23.188
22.85
22.599
21.81
21.565
24.904
23.822
23.719
20.65
23.788
23.68
23.485
24.91
24.687
24.087
23.193
21.426
21.018
23.913
22.248
21.848
24.527
24.069
23.846
23.289
21.644
24.633
24.298
22.955
24.135
24.029
23.59
21.787
24.011
23.599
23.121
22.417
22.253
24.852
24.351
23.187
21.476
24.814
24.017
23.629
23.167
23.043
22.744
18.329
24.475
24.308
23.634
22.572
20.464
22.924
22.209
21.385
24.436
24.69
23.465
24.782
22.968
22.628
24.569
24.404
23.573
23.098
21.614
24.833
24.248
23.065
21.787
24.981
23.545
22.509
24.897
24.66
23.215
22.914
22.725
22.971
22.394
24.786
23.195
22.748
24.2
23.227
24.629
24.453
24.33
24.233
23.781
24.62
24.292
23.988
22.681
24.268
23.882
22.761
22.601
22.316
21.153
24.903
24.305
23.023
22.87
22.637
21.749
21.37
20.39
24.961
23.151
22.772
24.088
23.506
21.486
24.449
24.338
23.998
22.131
23.787
22.624
20.872
24.54
23.378
22.379
21.736
23.906
23.537
22.285
23.918
22.252
21.696
24.562
24.327
23.478
22.763
24.971
22.87
21.685
24.488
23.494
21.411
19.115
22.636
23.019
22.371
21.666
23.049
22.37
22.119
23.603
24.037
23.808
24.944
22.506
17.798
24.975
23.97
24.87
23.547
22.335
23.875
24.866
23.667
22.624
24.481
23.922
22.89
24.668
22.952
24.864
23.488
22.443
21.446
24.718
23.853
23.161
22.401
22.164
24.975
24.584
22.169
24.037
24.827
24.509
23.338
20.009
24.151
24.606
23.88
23.107
23.658
21.465
24.769
22.468
24.883
22.106
20.851
17.435
22.805
20.691
24.352
22.438
23.455
20.35
24.533
20.524
24.595
24.184
24.999
23.822
22.96
22.271
24.482
22.51
21.775
21.26
19.432
22.425
24.942
23.026
21.794
21.221
17.584
22.992
22.535
22.496
22.528
24.335
23.979
23.918
23.413
21.717
22.39
22.22
24.565
23.09
20.049
23.58
24.577
22.431
22.313
20.837
23.801
24.117
23.348
22.695
24.707
23.382
21.379
21.131
24.826
24.347
23.254
23.491
23.272
22.178
24.492
24.736
23.298
24.717
21.495
23.067
22.474
21.385
22.274
23.869
22.407
23.92
23.053
22.752
21.798
24.781
24.755
23.573
23.172
22.582
24.553
23.478
23.062
22.183
23.357
24.987
24.736
24.28
23.425
22.453
21.474
23.71
22.863
24.964
24.57
24.024
23.272
22.586
24.003
18.954
19.607
17.575
22.485
23.308
21.754
20.392
24.113
24.063
23.684
22.43
21.814
24.794
24.694
23.535
23.468
22.821
21.728
24.975
24.45
24.222
23.903
21.967
24.71
24.443
23.921
23.485
22.797
22.185
18.212
23.601
22.86
23.725
23.94
24.334
24.774
23.94
23.883
23.438
22.43
22.09
24.609
24.637
23.237
23.024
18.024
23.475
22.466
23.315
23.063
24.794
23.696
23.462
20.83
21.388
21.059
24.637
22.363
24.846
23.127
22.9
20.499
24.427
21.842
24.528
23.528
21.353
23.225
24.936
23.956
22.629
22.113
24.868
24.181
24.121
23.127
22.887
21.538
23.495
22.805
22.408
20.983
24.833
24.6
22.651
24.234
21.16
21.079
22.458
24.374
23.419
23.119
24.555
24.929
24.552
23.191
21.748
20.532
24.878
23.412
24.725
23.827
21.848
23.973
23.586
23.169
22.472
24.737
24.443
23.81
24.389
22.727
24.688
23.822
23.615
22.584
20.802
23.364
22.828
21.449
24.185
23.676
22.569
22.065
21.267
23.786
22.809
24.862
23.213
22.746
23.112
23.318
22.968
21.848
24.232
23.841
22.629
21.815
22.962
23.702
23.358
24.242
23.432
22.61
23.366
22.971
22.755
23.342
22.175
23.438
24.156
24.984
24.557
24.148
23.041
23.694
22.271
22.032
24.604
24.083
23.691
23.307
24.793
24.117
23.187
21.188
23.087
23.007
21.174
24.512
22.696
21.446
24.722
23.873
23.623
23.496
21.533
24.318
23.559
22.085
24.522
24.005
21.61
24.65
23.459
22.758
22.319
24.833
23.864
24.713
23.199
22.525
22.309
22.209
24.304
23.347
18.13
24.696
24.156
23.051
22.109
23.885
22.69
22.567
24.386
24.326
23.795
23.457
23.402
22.995
21.289
24.765
22.048
23.913
22.723
21.604
19.98
24.051
19.314
24.892
24.246
21.853
23.884
24.803
24.556
23.791
22.714
22.185
22.716
23.877
22.2
23.765
23.428
23.044
24.898
24.166
23.828
23.484
22.955
21.651
23.658
24.191
22.029
23.846
24.079
24.923
24.084
22.741
22.496
21.638
23.869
23.009
21.775
23.734
22.743
24.184
22.478
23.228
22.222
22.185
24.015
23.493
21.056
24.181
23.625
24.838
24.557
23.174
24.771
23.078
24.126
23.7
24.796
24.277
23.493
23.28
24.475
23.711
24.527
22.614
23.726
22.643
24.597
24.321
22.308
18.336
24.191
24.226
23.931
23.109
22.623
24.428
23.8
24.449
23.743
23.348
22.887
22.292
24.17
23.693
23.328
22.282
22.105
24.912
23.197
24.663
24.681
24.551
23.605
21.819
24.362
23.123
22.717
23.817
23.179
22.653
23.252
21.912
23.832
23.195
22.275
24.547
23.887
23.903
21.302
24.339
24.079
23.96
23.315
24.575
24.76
22.405
24.875
24.367
24.27
22.174
24.728
23.183
21.962
24.642
23.921
22.996
22.441
23.239
22.757
21.941
22.56
24.361
23.702
21.68
23.202
21.67
23.803
22.65
21.991
23.732
23.638
23.104
22.765
24.799
23.551
23.42
24.904
23.718
23.091
20.125
24.793
22.848
22.693
23.035
22.73
23.788
24.032
23.417
22.934
23.313
22.024
23.97
22.794
24.19
23.653
22.426
21.639
20.713
24.687
23.646
23.09
24.459
24.249
23.455
23.136
21.326
23.969
23.609
22.336
23.06
22.013
24.56
24.519
21.852
22.101
23.905
23.019
22.673
24.523
23.641
24.083
23.592
21.369
24.891
23.419
22.684
23.759
23.433
23.01
22.808
24.657
24.08
23.32
22.926
22.297
24.563
23.892
23.155
24.655
24.494
23.715
24.413
24.081
23.374
24.984
24.844
24.151
22.975
24.864
24.114
23.781
22.389
22.925
21.575
18.992
24.385
22.912
24.127
23.779
23.603
23.216
23.881
22.101
21.697
23.575
21.705
24.881
24.675
23.771
23.537
23.304
22.832
22.084
24.372
24.153
24.115
23.504
24.766
23.092
22.56
24.726
24.219
23.552
24.46
24.234
24.714
23.554
21.769
24.117
22.576
24.275
23.902
23.693
23.017
22.999
21.988
23.98
24.901
24.221
24.68
24.366
24.209
22.805
23.98
22.623
22.379
23.899
23.349
24.176
23.44
24.229
24.113
21.623
23.936
24.228
23.731
23.241
24.994
23.856
23.204
24.772
24.461
24.159
24.672
24.021
23.846
23.672
22.484
24.155
24.008
22.63
24.081
24.427
24.275
23.097
22.742
24.543
23.94
24.76
23.356
23.179
24.251
22.667
21.976
24.806
24.744
24.799
23.343
20.261
24.254
24.25
24.1
23.699
22.468
21.77
24.104
23.122
24.727
24.235
22.968
23.894
24.116
22.728
24.573
22.632
24.652
24.388
22.919
23.836
23.784
22.709
24.794
24.567
22.55
23.965
23.13
22.372
22.075
24.834
24.309
24.563
23.385
24.369
22.594
24.419
22.967
22.418
24.478
23.946
22.809
24.786
23.592
24.943
23.61
23.531
22.901
22.072
24.605
24.577
23.118
22.977
22.827
22.219
20.154
23.874
22.495
21.758
22.509
24.245
23.959
22.712
23.621
22.488
23.915
23.391
24.934
23.322
23.819
23.499
24.245
24.048
21.552
24.243
17.839
24.306
22.823
24.847
24.026
23.504
23.323
22.663
23.948
23.251
24.636
22.24
23.806
23.619
21.854
24.934
24.416
22.503
23.836
23.22
24.284
23.296
23.123
23.834
24.885
24.853
23.474
24.563
23.371
22.977
24.379
24.626
24.619
23.969
20.23
24.84
23.211
22.951
24.888
24.439
24.146
24.001
24.602
23.816
24.121
23.438
23.289
24.66
22.628
24.421
16.923
23.456
24.419
23.375
22.845
24.129
23.037
22.539
24.049
23.675
24.554
23.255
23.232
22.833
24.796
24.621
22.49
23.388
22.525
22.879
21.84
23.815